2353	
	0.04275955541	0.01043816365	0.009930693711	-0.09071985196	-0.007361521134
	-0.00939140091	3.599423478e-31	-0.1417805154	-0.2024224319	-0.003978511179
	-0.1427776553	-0.004469701361	1.513746692e-16	0.00578481356	-0.1829745873
	-0.3024480718	-0.3450027937	-0.003973012916	-0.3005374026	-0.1829958944
	-0.004226947349	0.09848930559	2.879317311e-16	0.01395496734	-0.3908368402
	-0.2302442409	-0.4910138427	-0.4906977376	-0.00513575746	-0.3907001601
	-0.2305316892	-0.005544796006	0.1727068852	0.2389641563	0.2182801745
	3.96304029e-16	0.009320336373	-0.6018542369	-0.4508404655	-0.2363331427
	-0.6605644082	-0.602185405	-0.004654740801	-0.4513567657	-0.2368186694
	-0.005075028453	0.215707882	0.3729929305	0.4600938812	0.4680510593
	0.2742944323	4.658833274e-16	0.008983205621	0.009044825381	-0.002949410538
	0.007362586462	0.009174342491	0.004567152738	-0.00570483512	0.003803860231
	-0.001032573049	-0.005080914545	0.002716179067	-0.751244879	-0.6101901393
	-0.4259454623	-0.1940968234	-0.7951169423	-0.7521495626	-0.6112184427
	-0.4266117611	-0.1945145275	-0.005389851969	0.2519072858	0.4464016461
	0.5832189153	0.6371463878	0.480652133	0.227343238	4.898587197e-16
	0.2430375317	0.2541609325	-0.1936608317	-0.006282012495	-0.09073112368
	0.1976866012	0.1183667052	-0.005338891867	-0.1588597622	-0.1180044994
	0.04842593817	-0.01746952334	-0.8598852349	-0.7398296587	-0.561438059
	-0.3561866089	-0.8990410535	-0.8618195358	-0.7417144758	-0.5622765946
	-0.356572997	-0.1591623357	-0.005614267726	0.4868921897	0.6678215238
	0.770751569	0.6708502962	0.4492062005	0.2328110753	4.658833274e-16
	0.4375176809	0.4835569794	-0.2503843035	-0.2436859987	-0.411816352
	-0.008136780378	-0.07184431796	0.3187809378	0.178075277	-0.011899055
	-0.05329021284	-0.2890587991	-0.1898838266	0.05517373273	-0.01200209059
	0.002090067957	-0.0112046284	-0.005607251012	0.007546498509	0.01295778254
	-0.0107137835	0.01487971997	-0.007793459356	-0.01152743545	0.01302667913
	0.009111555073	0.001298713821	0.01009822236	0.01436327415	-0.9592339283
	-0.8730594216	-0.706955447	-0.5080307742	-0.9624238854	-0.8776345821
	-0.7081677318	-0.5080273246	-0.2895211863	-0.1182114351	-0.002735448008
	0.7037736272	0.8461988597	0.810468433	0.8906038362	0.6092088324
	0.4234110646	0.1901883129	3.96304029e-16	0.5349276165	0.676416108
	-0.5189184844	-0.3075671445	-0.4222315906	-0.1852185346	-0.6260023545
	0.05153306096	0.364351445	0.2270798821	0.09794721397	-0.001269006125
	-0.1139818453	-0.3903677508	-0.2996497859	-0.3147328199	-0.294674762
	0.1871703771	-0.1798506245	-0.2450719826	-0.09085799542	-0.002993963911
	0.09552497038	0.1917941318	0.2610843776	0.3048189099	0.3021848868
	0.3174047936	0.2574180718	-0.9980758518	-0.9415353128	-0.8110263105
	-0.6139377311	-0.9550901816	-0.8133347303	-0.6123180837	-0.3901990008
	-0.1925315875	-0.0509878841	-0.0001314612348	0.8638470016	0.946187616
	0.7396769531	0.8872155033	0.9615244463	0.5595118385	0.353009023
	0.1546937069	2.879317311e-16	0.5760706655	0.7602572591	-0.7408138832
	-0.586915242	-0.5970021044	-0.3267447627	-0.03059091889	-0.8064118189
	0.2507087608	0.4252010202	0.1838064238	0.34770336	0.003427449796
	-0.1655991374	-0.5204435249	-0.3796176442	-0.5844228442	-0.535255396
	0.4778517328	-0.4436629911	-0.3166080154	-0.1652740257	-0.0004947794616
	0.2000554083	0.3715613607	0.4987851157	0.5752049312	0.5619183997
	0.5915574252	-0.9235061904	-0.9596524431	-0.7935004009	-0.8344957272
	-0.9215537772	-0.6538291611	-0.4397973826	-0.2265170347	0.0004151093703
	-0.04587411771	0.0507896433	0.002261242094	0.9161209909	0.9864304779
	0.9114424723	0.7058862905	0.9868723811	0.505317516	0.2860047246
	0.1140411027	1.513746692e-16	0.7715509314	0.6234775216	-0.9126507825
	-0.8108077685	-0.7722167758	-0.5199427041	-0.2173714791	0.1168117435
	-0.923201542	0.4365387167	0.4346243601	0.2034372272	0.6228368343
	0.003462344316	-0.2018490049	-0.6593321679	-0.3645571104	-0.7854933759
	-0.7101421043	0.7504470425	-0.5717667373	-0.4102657305	-0.1999228809
	0.001335217369	0.2513941909	0.4976521397	0.6710762398	0.7913648211
	0.8077217126	-0.8341916975	-0.8524571935	-0.7419984145	-0.6220552364
	-0.8143326355	-0.4306892771	-0.2245353411	-0.0004290434477	0.191781978
	0.2275627723	0.2263677181	0.1172636048	0.004525053153	0.9164042359
	0.9782721165	0.9493232026	0.8298619364	0.6101636546	0.3882468941
	0.187906201	0.04929602384	-2.999519565e-31	0.7874715407	0.5948042879
	-0.9506918209	-0.9923584529	-0.6927607207	-0.8639695911	-0.4065858153
	-0.06761541337	0.2790447078	-0.9569764242	0.459230559	0.6913981645
	0.2384503035	0.850410517	0.003435517697	-0.1557484656	-0.6112131355
	-0.312421572	-0.9052956404	-0.8033821441	0.9404346083	-0.6476656657
	-0.4515729137	-0.2334554098	0.2950293171	0.001371719971	0.5689267612
	0.8063156742	0.9344174403	-0.690390802	-0.5247107434	-0.6703180767
	-0.5971135477	-0.4264230071	-0.32708045	-0.136230614	0.1380501897
	0.2880073402	0.3901170839	0.4411335829	0.4331692405	0.1575030201
	0.004342509385	0.8617391281	0.8322379717	0.8481709423	0.6811101188
	0.4521301907	0.2377428456	0.06394601675	-0.01872351045	-1.513746692e-16
	0.6976939369	0.4654479426	0.2910898851	-0.9881851934	-0.9745319264
	-0.5694282746	-0.7559355558	-0.8625801968	-0.2532529832	-0.03980159485
	-0.9009733271	0.4559537673	0.7077007882	0.8903440335	0.2199469002
	0.05908810932	-0.2445496807	-0.9178552563	-0.6604999741	0.98649437
	-0.4533552917	-0.2171827286	0.04801382563	0.3536175162	0.8089643488
	0.5883408299	0.9681848527	-0.3904614131	-0.4903088754	-0.165619093
	-0.3671438667	-0.1089845298	-0.1977893678	0.001348029762	0.3299122516
	0.5064149803	0.3513810195	0.6132324144	0.6569361529	0.6261503495
	0.1939721501	0.006226510338	0.6372119105	0.7027603234	0.6960244179
	0.4812900211	0.2486466434	0.04988373251	-0.07217223346	-0.08957240116
	-2.879317311e-16	0.4913438918	0.2928231286	0.1563441309	-0.01660201656
	-0.9220140426	-0.8665230053	-0.5960772876	-0.4067574673	-0.7213156829
	-0.773978813	-0.2083858659	-0.7569571093	0.4083650295	0.6539806823
	0.8412122943	0.1106771144	-0.7333996936	-0.4080084787	0.9477964282
	-0.163394197	0.08958932019	0.3329107166	0.765996898	0.9034938028
	0.5510623449	-0.3035309906	-0.1995856237	0.06581023638	-0.1957244361
	0.1339636593	0.02216847815	0.0008078688582	0.4485685207	0.4389980838
	0.6195811604	0.8364937188	0.8844316119	0.6487042399	0.8187647203
	0.2539445046	0.008650341211	0.3751156318	0.4400061028	0.4749931379
	0.4180579592	0.1861155711	-0.03106151288	-0.1853785645	-0.2422268263
	-0.1902411863	-3.96304029e-16	0.2417544567	0.09198499586	-0.03160760987
	-0.186318973	-0.6970461293	-0.6251338234	-0.3593681588	-0.4889774266
	-0.5552785045	-0.5582855412	-0.5383133394	0.536124298	0.322374132
	0.6983501883	0.7902916039	-0.4559881046	-0.1781444319	0.7939938303
	0.03716906084	0.2479540568	0.5513448562	0.7076832464	-0.1472081686
	-0.01713016334	0.2153561905	-0.02759838362	0.2406818977	0.1830306595
	0.1202888242	0.4437054572	0.4913900975	0.7781195264	0.9631135488
	0.9915411686	0.6146415887	0.7810073116	0.9037518017	0.2522852025
	0.008026893571	0.1872651856	0.1432611629	0.1953477329	0.1467415405
	0.08536331509	-0.1431781301	-0.3278149822	-0.4207737471	-0.4085004453
	-0.2448732812	-4.658833274e-16	0.07207420554	-0.02701060316	-0.1291402769
	-0.2597338147	-0.4012269395	-0.3856390182	-0.3183161449	-0.3218481378
	-0.3216077146	-0.2756906894	0.3741400505	0.4959557159	0.568821931
	0.5857640343	-0.2179443007	-0.005646524032	0.5457683465	0.2496612578
	0.4552835085	-0.037995457	0.05751784139	0.1885983792	0.03119525421
	0.3463935863	0.2373449869	0.1144410979	0.4976366998	0.416899254
	0.6707214911	0.8903738037	0.9949898935	0.9650216872	0.9179718833
	0.652253106	0.7545669224	0.186669191	0.007405989024	0.02957815718
	0.008469655678	0.001270940977	-0.07844104519	-0.1437887964	-0.3692603841
	-0.5951015686	-0.5190142485	-0.6228035732	-0.5142466125	-0.3006273242
	-4.898587197e-16	-0.002003824381	-0.04103927736	-0.1165739435	-0.1974520277
	-0.1205152133	-0.1003739734	-0.1352086612	-0.1022699501	-0.0003319782914
	0.2542950139	0.2958345613	0.3081763351	0.2902001707	-0.09517651515
	0.09781210258	0.0002556492309	0.2444926897	0.2771152666	0.0718094076
	-0.09670052035	0.000857217804	-0.0004573422592	-0.002345802623	-0.0008660834719
	0.3432327876	0.1700165679	-0.002277422687	0.5487630559	0.305535366
	0.7694759406	0.8665205852	0.8674296758	0.8979056185	0.8612993451
	0.7041998571	0.4510790882	0.4699906045	0.1446921022	0.01010748701
	-0.1448596352	-0.2483745071	-0.005627030242	-0.3551923708	-0.5408026191
	-0.8031154159	-0.7687766058	-0.6874856878	-0.7367127813	-0.5813266827
	-0.3064996956	-4.658833274e-16	0.05171404605	0.05735409763	-0.0004498261405
	0.1092421559	0.07549422034	0.1822833789	0.2536963796	-0.0006748491869
	-0.0001065528491	-0.0008695270891	-0.002591311083	0.002192223748	0.03563524277
	0.1301821129	0.008112672684	0.0982837931	0.2694970433	0.2174201191
	-0.1153823918	-0.2482234409	-0.2890031494	0.4128485168	-0.09540330184
	-0.218371983	-0.2770117848	-0.1804944907	0.229187841	-0.0009116002592
	-0.2488564445	0.3467074945	0.5603645096	0.2042339048	0.6753774358
	0.6913091241	0.6524636296	0.7592394604	0.7641804038	0.6388762653
	0.4401067901	0.2375923636	0.238441119	0.09276765828	-0.008205883515
	-0.4486442496	-0.5734345465	0.04717825563	-0.746422322	-0.9092996018
	-0.9205254493	-0.8616135425	-0.8064174024	-0.5782439203	-0.2859789886
	-3.96304029e-16	0.1672414625	0.196793592	0.1325484239	0.3574188317
	0.4117631506	0.4842044	-0.3067761246	-0.2973648726	-0.2563226996
	-0.1896022013	0.04131607958	-0.05603130943	-0.06138435207	0.5915222917
	0.3381615593	-0.1128113814	-0.5071350826	-0.3269478853	0.5539358753
	-0.3389394905	-0.4752565295	-0.5659403304	-0.472590967	0.0001818137605
	-0.2919901128	-0.5612536067	0.3013910709	0.1441944825	0.3926430269
	0.01097946212	0.4537185256	0.4284652411	0.3817695809	0.5205156834
	0.6093846157	0.5078962973	0.3571401171	0.2033034874	-0.002893176767
	-0.004032047203	-0.007987889737	-0.04067201335	-0.7226151449	0.1426927918
	-0.8613223054	-0.989889972	-0.9473668228	-0.9556694229	-0.7808976906
	-0.5289733973	-0.2367217868	-2.879317311e-16	0.2832229624	0.4007457658
	0.1490365561	0.5722620884	0.6945985617	-0.5846887946	-0.4967753709
	-0.3751816997	-0.2189420736	-0.03779748227	0.7520989865	0.4005174078
	-0.07191036532	-0.5616492528	-0.3197348589	0.6509881974	-0.6524752655
	-0.8090596178	-0.7691536528	-0.31011679	-0.6375543679	-0.7663664654
	0.184631526	0.006056877671	0.2324708776	0.2386280565	0.1957995483
	0.3014421143	0.1449397242	0.3910574595	0.2905223892	0.1606198725
	-0.02698519765	-0.3534482786	-0.2508464967	-0.7811998257	0.2136097581
	-0.9004212408	-0.9857577331	-0.9729931006	-0.9019159582	-0.7056711331
	-0.4378113896	-0.1724308913	-1.513746692e-16	0.2480955332	0.4319740846
	0.6260986308	-0.07722200212	0.8083668224	0.8881056695	-0.7331592044
	-0.5349487357	-0.3215926759	0.8898600503	0.506696525	-0.04133004931
	-0.5571806721	-0.319170463	0.8249800088	0.6803733933	-0.7113663592
	-0.03014899321	-0.5678577169	-0.9478848533	-0.9081469403	-0.8940845189
	-0.8419375911	-0.6526004634	0.006033515363	0.007331828397	0.00655020623
	0.006890547136	0.1021481001	0.1929362393	-0.03451448989	0.120571598
	0.008046425324	-0.1980816967	-0.5166251513	-0.347397735	-0.7582395406
	0.2780716352	-0.8654496185	-0.9152628366	-0.9201402024	-0.8001961636
	-0.3117124096	-0.08552986041	2.399615652e-31	0.3455618894	0.5901822483
	0.790515119	-0.4081500287	0.926794205	0.9875638841	0.9783550649
	0.4754425947	0.001319313463	-0.5362297784	-0.271826891	0.7910468922
	0.8873030606	0.6478286816	-0.6030194031	-0.8606698264	0.1671753667
	-0.2299737185	-0.4072920459	-0.6449694818	-0.7566426272	-0.4498468014
	-0.03170000826	-0.9939556554	-0.9640233912	-0.9468405595	-0.833020717
	-0.6964229785	-0.003825491375	0.05681442489	-0.1019953737	0.008393334327
	-0.182152781	-0.4875960717	-0.2535664237	-0.5749421578	-0.733490888
	0.2782527616	-0.7837275851	-0.730858594	-0.6582071371	-0.1618063079
	0.0001380784541	1.513746692e-16	0.3676611573	0.6135179763	0.8254634277
	-0.4524335412	0.9425126437	0.976887984	0.9021615944	0.4653828436
	0.0005954166868	-0.3245586493	0.6646674282	0.7651798093	-0.6247551554
	-0.8572712985	0.1697017702	-0.2601294855	-0.1985288356	-0.4515853561
	-0.1756074933	-0.07919994985	-0.9448475181	-0.9321130464	-0.8976396871
	-0.7885169509	-0.5706313117	0.01438377044	0.003970673015	-0.001149861214
	-0.007809781224	-0.3022116899	-0.01156066765	-0.4864261054	-0.3367185614
	-0.6011165037	0.2554365174	-0.534146636	-0.406567187	0.001576894021
	0.09487280981	2.879317311e-16	0.3510492004	0.5964403258	0.7709859658
	-0.4575515664	0.8569380901	0.8505984556	0.7572762801	0.4605771921
	-0.07167587919	0.5949035701	-0.7266227732	0.1058950765	-0.2773295162
	0.05145259614	-0.1554352643	0.119535892	-0.1075802134	-0.8050334766
	-0.7659090327	-0.6514637538	-0.5881469638	-0.3143588575	-0.01166446816
	-0.3021484886	-0.4058322471	-0.1536039307	0.3214122234	0.1091001105
	-0.3208343547	-0.119237876	0.1808120656	0.1814486027	3.96304029e-16
	0.2473373211	0.2356441708	0.4162969677	0.6118190732	0.6304923223
	-0.4324057295	0.662980235	0.6972629753	0.582802244	0.4375946809
	0.03068602986	-0.257492136	0.2962698446	0.15564982	0.347903264
	-0.5587691264	-0.4750690486	-0.343260247	-0.2988754447	-0.01154570532
	-0.1487103631	-0.219266483	0.0002834846408	0.1640376187	0.2824198485
	-0.07576644136	0.177864033	0.3426606496	0.4693024987	0.2891595776
	4.658833274e-16	0.5463687218	0.2693047521	0.1224028052	0.437660772
	0.4701874458	0.3992931661	0.4843068377	0.5043289784	0.4077831718
	-0.1090474787	0.4726744065	0.395301071	0.5533342822	3.96304029e-16
	4.898587197e-16	2.879317311e-16	4.658833274e-16	-0.2536870338	-0.1823259232
	-0.09189773992	-0.00903911316	-0.0579592128	-5.655784715e-05	-0.07288262349
	0.07537493915	0.1425669172	0.2217251834	0.1256212219	0.5560032001
	0.3193242074	0.6191475743	0.7461875302	0.3054732419	0.5815141005
	0.2602020563	0.1324509368	0.0394585882	0.1983776825	0.2083122442
	0.275334622	0.2891176865	0.7302633749	0.7465699389	0.2488260329
	0.1812744088	0.2947558792	0.09559383449	1.513746692e-16	0.602171917
	-0.003957370475	0.00485020262	0.02240700471	0.0005256602532	0.01959976711
	0.07581736906	-0.00149736692	0.02187692992	-0.004944056625	0.05620667232
	0.214963411	0.8273063304	0.3410169203	0.8638733136	0.8005669274
	0.5663031485	0.03857421157	0.01666597763	0.02322084657	-0.00494301792
	0.02868007945	0.8886875106	0.4844265343	0.3466420763	0.1826948858
	0.0055011821	0.001313546272	-1.799711739e-31	0.7159979203	0.4486294738
	-2.879317311e-16	-1.513746692e-16	0.5276874976	0.004957387222	-0.09258127849
	-0.0008733526057	0.112694571	-0.09642692049	-0.1795193004	-0.1785681037
	-0.1833700921	0.1803212089	0.930612961	0.9855955803	0.9481553776
	0.757770061	-0.1624082708	-0.2514591318	-0.2208009696	-0.3537262912
	0.6200795206	0.4731234432	0.2958078235	0.04947944152	-0.1782823553
	-0.09431700133	0.7938850634	0.2354812661	-3.96304029e-16	-0.180308202
	0.2839759179	0.5717545897	-0.002161560671	-0.1820514349	-0.3486025639
	-0.001954041249	-0.182874375	-0.4062098229	-0.4123114176	-0.3424948038
	0.9450596383	0.9580144066	0.8568907021	-0.5177930103	-0.5642709827
	-0.6537963772	0.7268404828	0.5509199132	0.34519549	0.1151430407
	-0.1997519892	-0.348182973	0.7994164572	-0.00187722048	-0.2491194756
	-4.658833274e-16	0.3019521439	-0.0007873638791	0.5767861267	-4.658833274e-16
	-4.898587197e-16	-3.96304029e-16	-2.879317311e-16	-0.009754451652	-0.2552469784
	-0.4893940708	-0.249698102	-0.4736047469	-0.7138159517	-0.6537970157
	0.7565949965	0.8572433902	0.822692382	-0.69807418	-0.845629769
	-0.8349308447	0.6557099433	0.3924059001	0.1530748717	-0.09566138435
	-0.2941115204	-0.5131684565	-0.4738845135	0.5532152578	-0.2909974585
	-0.2946379539	-0.3069517244	-0.004090914114	0.2979493777	-0.2892987314
	-0.2472694038	-0.1730395427	-1.513746692e-16	-0.08620496238	-0.679216123
	-0.4582786208	-0.01496654992	-0.3055273906	-0.5733087626	-0.5553330272
	-0.7677397412	-0.9099336483	0.4924353614	0.6350976851	0.6880736418
	-0.7900687136	-0.9685136301	-0.9328256282	0.4535011257	0.1748810157
	-0.06069051051	-0.2909351513	-0.5063893217	-0.6464669029	-0.5562647887
	0.2746590365	-0.3102559171	-0.5838678629	-0.5550583729	-0.005477614843
	-0.3142218015	1.199807826e-31	-0.0002731100728	-0.1634851205	-0.7653876229
	-0.7967792834	-0.4621570618	-0.6126142348	4.658833274e-16	1.513746692e-16
	3.96304029e-16	2.879317311e-16	-0.6099058435	-0.8944870518	-0.0004964202654
	-0.0170539569	-0.31965578	-0.59181915	-0.5882285185	-0.8081506617
	-0.9494603294	0.2212415424	0.3432797118	0.4087959396	-0.8060160008
	-0.9933320302	-0.9418295805	0.1747862864	-0.07669107778	-0.2737145239
	-0.5072260911	-0.7032914217	-0.8032360855	-0.005021441896	-0.2977044278
	-0.7793476048	-0.4077806695	0.08561840611	0.1622572238	-0.1998521547
	-0.9448356813	-0.8559871986	-0.5631033322	-0.8003440188	4.898587197e-16
	0.3064810499	0.2859797825	0.1725185287	0.2367674865	-0.9908692496
	-0.0004342377005	0.1988592706	-0.2525044467	-0.01955766718	-0.3070317613
	-0.5642812082	-0.5650432169	-0.7700858668	-0.8994278574	-0.004337676488
	0.1293707434	0.1460242814	-0.7670945744	-0.9434460924	-0.8867985743
	-0.03725250099	-0.2196404274	-0.45411435	-0.6907147052	-0.9364645851
	-0.4576593372	0.3119456677	0.4075744963	-0.2349232166	-0.9847646027
	-0.9004996905	-0.7656126924	4.658833274e-16	0.300626343	0.5781713785
	0.5812579718	0.5289692283	0.437914276	-0.9382256394	-0.0001776681703
	0.2333665369	0.4502532078	-0.4745828863	-0.1832704241	-0.3392779782
	-1.513746692e-16	1.513746692e-16	2.879317311e-16	3.96304029e-16	-2.879317311e-16
	-5.999039131e-32	-0.2651615936	-0.01495236933	-0.4905768937	-0.6818251163
	-0.6526668486	-0.7669441536	-0.8394482078	-0.09603796371	-0.001784407955
	0.03780197539	-0.7965601492	-0.0583449387	-0.4265882296	-0.1485164658
	-0.6935275172	-0.8891134624	-0.6126815697	-0.337580035	0.5680301118
	0.6453116023	-0.09279994422	-0.8589871411	-0.8012655659	0.2449218934
	0.5142864236	0.8061560736	0.7807199005	0.7365854791	0.70565181
	-0.7952727423	0.2181444348	0.4530818642	-0.4725210371	-0.1817198478
	-0.04971259415	-0.1145679055	0.08961175319	0.01858441973	0.1903417129
	-0.1922489944	-3.96304029e-16	-0.1953736124	-0.3798428366	-0.01247182604
	-0.5353187526	-0.649573074	-0.5606461998	-0.635860288	-0.00198575075
	-0.0002846807831	-0.0002477030825	0.001067882945	-0.5554619459	-0.247980983
	0.002772507857	-0.6959450833	-0.4567251574	-0.1754020854	0.8002083896
	0.6591887493	0.121210092	-0.7172619329	-0.5834293693	0.4087069245
	0.622967256	0.9087490444	0.9467538933	0.9015782167	0.8029346017
	-0.5759292352	0.4084708706	-0.2486540674	-0.06460296997	-0.1894744643
	-0.3175403057	0.2424949061	0.07209870904	-0.2360323879	-0.4319055487
	-4.658833274e-16	-4.898587197e-16	-4.658833274e-16	-0.005344878793	-0.1080684558
	-0.2750541195	-0.1818909982	-0.3527818845	-0.3087679197	-0.2908071006
	-0.0001296786978	0.1801373648	0.09560886118	0.1815238805	-0.290895255
	0.001357074591	-0.4518775808	-0.6031831573	-0.2229781276	0.07634822995
	0.9148825841	0.7323051788	0.3200649395	-0.527853588	-0.3055161686
	0.4214366415	0.5956801467	0.9886190924	0.9195961264	0.9846891409
	0.7687082351	-0.2967842159	0.5713617926	-0.2391229787	-0.05055732985
	-0.3710696916	-0.5301383238	0.1858979847	-0.2330202677	-0.4690834775
	-0.6707672232	-0.228250007	-0.2093082089	-3.96304029e-16	0.2490954804
	0.2483076759	0.004964650575	0.01126887289	0.02438464629	-0.004402112962
	0.03866936782	-0.0006800725587	0.002755206303	0.3490053116	0.002483073429
	-0.2114506752	-0.3410874387	-0.4452402291	2.490597959e-05	0.2081336898
	0.9181369159	0.7602069125	0.4013160363	-0.2676374545	0.002113359059
	0.3300368168	0.5199606983	0.9530076015	0.9710769297	0.8606749783
	0.6876664398	0.001376339754	0.5350639346	-0.2515143351	-0.4227740862
	0.03116828635	-0.5719401863	-0.7551787343	-0.450808276	-0.6879740006
	-0.854762117	-0.4221509985	-0.1659132474	-0.369163411	-2.879317311e-16
	0.293204545	0.4726491871	0.2930165835	0.4725591983	  0
	-1.513746692e-16	0.5466652398	0.5470930885	0.005654201735	0.1080343737
	0.2924676449	0.2744769692	0.2007263083	0.3076945342	0.650001528
	0.3083585587	-0.009081832148	-0.1465080017	-0.2085340465	0.1032256177
	0.2337585083	0.8635872581	0.6622932461	0.3628616557	0.002040528201
	0.2933193535	0.1446268253	0.4039010113	0.5672381906	0.8070964677
	0.89826501	0.7012730877	0.3723319119	-0.1952015225	-0.3938195659
	-0.5814335116	-0.7673820718	-0.9116253914	-0.7401793117	-0.9089829792
	-0.6798859901	-0.09946546756	-0.2417337807	-0.4617093426	0.5847946276
	0.7631724015	0.5859716295	0.7639847438	-0.006771120112	0.8048280481
	0.008623584289	0.1869067129	0.5673180747	0.4766327546	0.3426780494
	0.907450178	0.5651954124	0.004388892153	0.001308259103	-0.0005798766845
	0.07823842473	0.2020438577	0.7547498731	0.4914196993	0.2093121325
	0.2504316795	0.170951454	-0.09196347639	0.4059876764	0.529245573
	0.703938654	0.5804702776	0.1692396328	-0.318634085	-0.52186073
	-0.7559882705	-0.9122546347	-0.972718999	-0.9117226297	-0.723822449
	-0.01594786959	-0.2266131642	-0.476653247	0.8076495681	0.946368177
	0.7678887956	0.8931597134	0.2564206957	0.01139463009	0.4778795114
	0.805766912	0.6567082179	0.9676021479	0.4747320401	0.6746871667
	-0.1550129457	-0.09258525369	-0.04554754952	0.09628521499	0.1821961898
	0.01398440078	0.5580565812	0.2682660074	-0.05144526719	0.1997292549
	-0.01925977922	-0.2262114608	-0.4229138558	0.3574661305	0.4146101853
	0.4745007385	-0.05383028068	-0.6268171036	-0.8368274067	-0.9806009259
	-0.9920030599	-0.8664670939	-0.6499724041	-0.01174091616	-0.2818798154
	-0.4857465993	0.9929351925	0.7916154119	0.9433571159	0.5668720257
	0.3000633231	0.01083424378	0.9347003837	0.7865024967	0.34172411
	0.5056232706	0.6309175374	-0.2132931038	-0.3552305336	-0.3987029051
	-0.2521890082	0.002561176776	0.1821867834	0.3218241528	0.04522463052
	-0.2729010177	0.160544157	0.03132696193	-0.1255764712	-0.4946325968
	-0.2969703164	-0.6869889698	0.2572916053	0.3174598663	-0.2758338646
	-0.8815561307	-0.9584535394	-0.9171865101	-0.7443764553	-0.6113408095
	-0.01098765563	-0.2336762784	-0.4495349915	0.9446373686	0.8312193601
	0.8935108543	0.5935772884	0.3182109042	0.01471841619	0.8062503742
	0.3228505607	0.4219837387	0.6243712974	-0.3810959021	-0.1233683089
	-0.4805336774	-0.5687692826	-0.5952136077	0.07977766898	0.03950479584
	0.1003179857	-0.2671671603	-0.4993020621	0.05826178846	-0.02081507096
	-0.1278164226	-0.6891630723	-0.4917286578	-0.2977697606	0.1161003631
	-0.8316954202	-0.833492191	-0.8509106764	-0.7100178995	-0.5636670994
	-0.4275484256	-0.007990688241	-0.2382336328	0.7618547007	0.7646308702
	-0.5595172116	0.3005705495	0.5553587919	0.0144015861	0.1842658038
	0.398376886	0.5561031248	-0.286414261	-0.06511320348	-0.6920300994
	-0.7605895806	-0.7731585826	-0.1389955075	-0.2402727191	-0.05479660603
	-0.4920240389	0.001509541252	-0.01773555987	-0.09704204362	-0.6323299597
	-0.42468611	-0.2223508623	-0.7012973235	-0.6828846169	-0.6132652563
	-0.6941164016	-0.5092042855	-0.3576196607	-0.1956146812	-0.006398199592
	0.6380806423	-0.7244881775	-0.4598619487	-0.6186016443	0.01156407902
	0.250667818	0.4669301063	0.09652444904	0.2944813074	0.4735443912
	-0.1666573809	-0.6886421356	-0.8478354839	-0.9057982838	-0.8905423536
	-0.2914047265	-0.4270732678	-0.1128615065	0.005914919312	0.03755171804
	0.006833684595	-0.4189603723	-0.1950376435	-0.07526013567	-0.4204241991
	-0.4829875007	-0.4546374967	-0.3915560699	-0.2901866431	-0.1599197485
	-0.006274536427	-0.8097424885	-0.3335718319	-0.5316326138	0.007296480298
	0.1843772161	0.3445409288	0.002426102913	0.2488484369	-0.7788455454
	-0.5397796575	-0.9366768655	-0.9867541223	-0.9280953905	-0.2834629522
	-0.05838870222	0.08314767161	0.1591234716	0.1710456993	-0.08776671068
	0.0251915817	0.1225339811	-0.1880903699	-0.2508319945	-0.2404204077
	-0.1913018188	-0.1184928737	-0.006177659282	-0.7118629092	-0.2110328933
	-0.4012659616	-0.003582386408	0.09290368575	0.1253567756	-0.07539100959
	-0.7330479145	-0.9235547411	-0.5582179475	-0.4212006987	-0.9831495597
	-0.9604480483	-0.8414703682	-0.1499373506	0.1003008536	0.2699735734
	0.4287114015	0.4555586613	0.2608261831	0.1423097471	0.353372702
	0.02928071883	-0.05186607425	-0.0662896477	-0.05231938068	-0.003867818334
	-0.5956888492	-0.2454724307	-0.4432656211	-0.8899913165	-0.02268674137
	-0.03589851541	-0.1113490551	-0.8128588826	-0.6766634159	-0.4990569752
	-0.3861250316	-0.2635533245	-0.9072301057	-0.85254759	-0.6981636061
	0.02571492014	0.3229555524	0.5622969505	0.7200355893	0.6824974643
	0.4650784045	0.5752184137	0.3247961822	0.1840884808	0.0710340885
	0.01722774725	-0.002491957839	-0.5292482259	-0.264232243	-0.3507543627
	-0.7259674925	-0.7765644143	-0.5924906946	-0.00490299763	-0.01609067548
	-0.1364404582	-0.5592086394	-0.392586087	-0.2385801953	-0.1275647859
	-0.7888415897	-0.7031564487	-0.4554435341	0.2042721371	0.5584068523
	0.7808221197	0.8613385288	0.8179701426	0.5960711419	0.7373361136
	0.4211140537	0.2427831142	0.09009202125	0.0005737021303	-0.2626271255
	-0.1823872558	-0.4607148703	-0.6473151647	-0.4373341451	0.08234893019
	0.007399884709	-0.03411283674	-0.2551824705	-0.1142291526	0.04880091421
	-0.6214657709	-0.390947664	-0.1199893488	0.4377024203	0.7564447354
	0.9007556678	0.9578498122	0.9227190427	0.6250311029	0.8051889028
	0.4109076391	0.1928565017	0.002238898588	-0.07565210991	-0.3215691961
	-0.475320691	-0.2807408666	0.1903742833	0.1798296807	0.009907030028
	0.0783227528	-0.1090993772	0.155790933	0.3259736572	-0.3239923092
	-0.06230014568	0.06942816757	0.1232362657	0.6639535834	0.8658643868
	0.9743115016	0.9922392395	0.9120391629	0.5180754477	0.7399915848
	0.249563935	0.005487908919	-0.1652816338	-0.1997297437	-0.1472685443
	0.2378286764	0.3697660881	0.2608040053	0.3280347378	0.013168446
	0.2239726755	-0.001667140911	0.5370247323	0.003081508406	0.1865726834
	0.3068628236	0.3654550282	0.7622674455	0.920824767	0.9879737097
	0.9503839886	0.8102247921	0.3067658542	0.586172135	0.007327737842
	-0.09615234301	-0.0002121960383	-0.006577763736	0.4014715487	0.1463717494
	0.2090847337	0.5338349968	0.4986165852	0.3055917137	0.440214755
	0.01397178742	-0.001013689551	0.572896686	0.2491592441	0.3782820188
	0.5543160537	0.5281499386	0.7347586387	0.9179530495	0.9051877413
	0.7850941542	0.5837665235	0.3139398219	0.009891531033	0.04560093132
	0.1787112738	0.3212716876	0.009751318029	0.0729972461	0.4554116319
	0.6618832711	0.6506726497	0.6969118107	0.5785301497	0.3174937578
	0.01267985247	-0.001433285082	0.412073484	0.3458795517	0.5346516735
	0.6962918164	0.707339546	0.8035934351	0.7099045904	0.534640825
	0.2938257213	0.01109884218	0.1389349686	0.1281156745	-0.06584769014
	-0.06878726051	0.2346836135	0.648280045	0.2193284743	0.4525602348
	6.091764531e-05	0.8320568185	0.7922627959	0.8084689517	0.5911216826
	0.2977775254	0.009982296169	-0.1394176621	-0.0004063192102	0.002606160299
	0.4744106457	0.2178667757	0.6945091434	0.8384119688	0.8885804998
	0.5717223407	0.4430294124	0.2440220803	0.01038556769	-0.2215903499
	-0.2135194496	0.2002996752	-0.0004590967873	0.4103938472	-0.2155106235
	-0.2354425317	0.9315251714	0.9441287686	0.7587911993	0.8951608207
	0.5482509379	0.2491572344	0.005980027582	-0.2179403287	-0.3439047262
	-9.203879845e-05	-0.3998334808	0.5567128186	0.2745627408	0.7765676645
	0.9189023061	0.9743303584	0.31587642	0.1784126217	0.009509510858
	-0.4089016477	0.1643832071	-0.0004787379525	-0.201538115	-0.4513037676
	-0.4569412927	0.9934785116	0.9471862734	0.6377121415	0.7672059492
	0.4531391497	0.1762386323	-5.187963759e-05	-0.4748911281	-0.2747550426
	-0.6054474922	0.0001540434066	-0.6481031305	0.5866071953	0.3045404878
	0.8055101015	0.9463664955	0.08863649888	0.004894605809	-0.0003060512491
	-0.1654879536	-0.4123638236	-0.704069159	-0.6911114335	-0.3037919858
	-0.8866745956	0.9074477683	0.806618386	0.4535904277	0.559044484
	0.3142277639	0.08598114099	-0.01166095977	-0.5587148754	-0.7419367152
	-0.8359587285	0.0004401102739	0.3048376035	0.558646147	0.7685882584
	-0.0001562374703	-0.08923007715	-0.317378349	-0.6069322756	-0.856523753
	-0.3049151836	-0.5836166869	-0.9432612939	-0.9492033282	-0.9811585686
	-0.5684383373	0.711171837	0.6534302762	0.5080048986	0.2931474206
	0.2242701413	0.1633744549	-0.002480668299	-0.05546502177	-0.007840924775
	-0.806273089	-0.9431229566	0.0002525677132	0.2748918293	0.4753348036
	-0.004879858099	-0.1790452034	-0.4674645275	-0.7516745215	-0.9436679903
	-0.2812832952	-0.78044255	-0.9766766554	-0.9735065297	-0.5259573939
	0.4106076784	0.402890787	0.3421488437	0.2162392328	-0.00476473542
	-0.001718140624	0.004220041971	-0.1151001496	-0.1220248761	-0.1952159258
	-0.00963978726	-0.9134303464	-0.00109510829	0.2178034492	-0.007821994076
	-0.2575381709	-0.5624953698	-0.8078544934	-0.9021223461	-0.2437098426
	-0.7062026949	-0.9491880653	-0.4459121024	0.1764852131	0.1819350513
	0.006509937913	0.06431689801	0.09628775546	-0.1504830712	-0.1695044048
	-0.3842960867	-0.2902681591	-0.2933622712	-0.1631143977	-0.3943832344
	-0.009450139863	-0.794353068	-0.8440147183	-0.0007577783872	-0.1746768709
	-0.01267367367	-0.3019973787	-0.5901892171	-0.7760600047	-0.8053471814
	-0.3164646	-0.5777413721	-0.1151776108	0.003027750491	-0.1002769955
	-0.273762669	0.0007046745953	-0.4304852882	-0.6249936665	-0.6168576337
	-0.5530427283	-0.5123031403	-0.3603984545	-0.19869783	-0.009450434435
	-0.6229717949	-0.6729638967	-0.658406437	-0.04250035949	-0.1576665896
	-0.01451704953	-0.3164365784	-0.5702864063	-0.6974631099	-0.3784738289
	-0.2489980516	-0.03586614436	-0.1426502916	-0.4494983628	-0.6178959569
	0.03756405881	0.01966095659	-0.7703710465	-0.843042305	-0.8176020962
	-0.7682620308	-0.6423052397	-0.4312072922	-0.2414525599	-0.01057981655
	-0.4165958418	-0.4547929743	-0.3530485825	-0.5187069711	0.01735673516
	-0.1780426797	-0.01369078539	-0.3031843532	-0.4883707079	-0.3016263639
	-0.05903653818	-0.09621093384	-0.6748094244	-0.489348319	-0.8355959224
	0.1360423553	0.1464799997	0.0736858385	-0.9304558933	-0.9473975011
	-0.9646293384	-0.8646502838	-0.6932305007	-0.4551090149	-0.235597753
	-0.01148473421	-0.1759285963	-0.003647605443	-0.2513520753	-0.3484765574
	0.05392514231	-0.01277185259	-0.2544583344	-0.1970004009	0.06587410802
	0.1576173199	0.3098411707	-0.6005772913	-0.773370367	-0.4064718432
	-0.9416769172	0.2454048604	0.3015082939	0.3021159409	0.139740554
	-0.05103736493	-0.9973615247	-0.9892598555	-0.8671377625	-0.6749914269
	-0.4858795906	-0.280701854	-0.008161624759	0.2109965674	-0.02724142746
	0.2026087263	-0.1987623213	-0.1830079641	-0.008764314319	0.4368768127
	0.3688834216	0.545504242	-0.6222062151	-0.4347341307	-0.8390097452
	-0.2219889074	-0.960461463	0.3515998632	0.4450767058	0.4951350775
	0.4867472584	0.001199733824	0.2150163657	-0.9224947424	-0.7712570706
	-0.6391623397	-0.4721400623	-0.2217089643	-0.00685699314	-0.03492778153
	0.1447059372	0.381505403	-0.1026536991	-0.001972987333	0.6522555546
	0.5772475517	0.7426768195	-0.656503958	-0.3234544411	-0.1324656091
	-0.8165903972	0.05606085339	-0.8800621601	0.6123452337	0.7102024401
	0.7594890109	0.2769042834	-0.7899661141	-0.5478020671	-0.6479700419
	-0.4223389229	-0.2037577705	-0.09168360035	0.009943479989	0.101922071
	-0.004253919777	0.301574431	0.5212945327	0.003340772318	0.9147292726
	0.7144518454	0.8804368802	-0.6159668769	-0.3462204504	-0.04090874906
	0.1143121266	-0.7097719816	0.2996105026	-0.7393544797	0.6447356616
	0.9051476056	-0.612489216	-0.3055531105	-0.3936503967	-0.4539531126
	-0.1441501952	0.009313845614	-0.009375530637	0.04220378953	0.05653483486
	0.1928961771	0.01395904016	0.3916603103	0.6129764007	0.989341585
	0.8126481175	0.949998112	-0.509727658	-0.3915081031	-0.1471708256
	-0.01310187754	0.1112104782	0.2713706832	-0.5631780606	0.4712204907
	0.765721809	0.9305888411	-0.4279792349	-0.1856686999	-0.2329437314
	-0.238569593	-0.00651640497	0.008122450509	0.1204002833	0.2905957526
	0.5084474622	0.707507046	0.9854501726	0.8749306489	0.958903125
	-0.2899152025	-0.3576618056	-0.1897269644	-0.05269826758	-0.002923701004
	0.04746212885	0.182507523	0.3223215088	0.4479431196	0.6809038467
	0.8611832778	-0.19567877	-0.006602104669	-0.007445587205	-0.006419255786
	0.007784154505	0.160298062	0.3569381503	0.5617870269	0.7399606749
	0.904062079	0.85826757	0.890189906	-0.1179997334	-0.1597348061
	-0.003982056273	-0.000784154184	0.1142985588	0.1987268822	0.2463473078
	0.4775237318	0.6915203654	0.8084692294	-0.006165365481	0.006290929107
	0.1947869585	0.4261319689	0.6099054207	0.7497210842	0.7917711186
	-0.005873138918	0.002393064692	0.008454164228	0.01041529563	0.2410398487
	0.4537410074	0.6025966136	0.6596490737	0.005185311073	0.2364298645
	0.4504409052	0.600825874	0.009366010297	0.2331094048	0.3923697055
	0.4912067536	0.4901612739	0.005164605786	0.2299178527	0.3899491294
	0.006587245864	0.1846490937	0.3032215834	0.3451001553	0.3002275789
	0.003702245724	0.1825116043	0.005431542417	0.1426331064	0.2025539322
	0.1426079259	0.004104775253	0.008125793107	0.09100019753	0.009316805245
	-0.0100314621	-0.009733709067	-0.04245771231	