6002	
	0.8413889237	-0.8413889237	0.8340581676	-0.8340581676	0.826564015
	-0.826564015	0.8189164729	-0.8189164729	0.8111189753	-0.8111189753
	0.8031736055	-0.8031736055	0.7950820901	-0.7950820901	0.7868460475
	-0.7868460475	0.7784671134	-0.7784671134	0.7706299765	-0.7706299765
	0.7124917913	-0.7124917913	0.7626742636	-0.7626742636	0.7546010287
	-0.7546010287	0.7464113315	-0.7464113315	0.7211500411	-0.7211500411
	0.7296859389	-0.7296859389	0.7381061127	-0.7381061127	0.5603639193
	-0.5603639193	0.4756350465	-0.4756350465	0.4865077734	-0.4865077734
	0.4972997909	-0.4972997909	0.5080132918	-0.5080132918	0.5186477129
	-0.5186477129	0.5292017992	-0.5292017992	0.539674015	-0.539674015
	0.5500624528	-0.5500624528	  0	  0	0.8414125392
	-0.8414125392	0.8340670249	-0.8340670249	0.8265688347	-0.8265688347
	0.8189196962	-0.8189196962	0.811121366	-0.811121366	0.8031754768
	-0.8031754768	0.7950835898	-0.7950835898	0.7868472192	-0.7868472192
	0.7037651157	-0.7037651157	0.7781133372	-0.7781133372	0.7702706483
	-0.7702706483	0.7207590847	-0.7207590847	0.7623092827	-0.7623092827
	0.7542303343	-0.7542303343	0.7460348307	-0.7460348307	0.7292977699
	-0.7292977699	0.7377236887	-0.7377236887	0.5705892984	-0.5705892984
	0.5727128655	-0.5727128655	0.4647097655	-0.4647097655	0.5588732201
	-0.5588732201	0.484929539	-0.484929539	0.4957315715	-0.4957315715
	0.5064569223	-0.5064569223	0.51710347	-0.51710347	0.5276698174
	-0.5276698174	0.5381545562	-0.5381545562	0.5485562003	-0.5485562003
	0.01239309601	-0.01239309601	0.01239244975	-0.01239244975	0.8414204101
	-0.8414204101	0.8340722913	-0.8340722913	0.8265725271	-0.8265725271
	0.8189224541	-0.8189224541	0.8111235279	-0.8111235279	0.6949189843
	-0.6949189843	0.8031772231	-0.8031772231	0.7950850051	-0.7950850051
	0.7864998507	-0.7864998507	0.7121223601	-0.7121223601	0.7777595492
	-0.7777595492	0.7699112641	-0.7699112641	0.7289157006	-0.7289157006
	0.7619443504	-0.7619443504	0.7538599462	-0.7538599462	0.7456592419
	-0.7456592419	0.7373436911	-0.7373436911	0.5807246633	-0.5807246633
	0.5828290185	-0.5828290185	0.5849304617	-0.5849304617	0.5712337352
	-0.5712337352	0.453706752	-0.453706752	0.4740593356	-0.4740593356
	0.5573771801	-0.5573771801	0.4941651291	-0.4941651291	0.5049003228
	-0.5049003228	0.515558126	-0.515558126	0.5261363207	-0.5261363207
	0.5366332333	-0.5366332333	0.5470473445	-0.5470473445	0.02478417492
	-0.02478417492	0.0247835409	-0.0247835409	0.02478299628	-0.02478299628
	0.8414250666	-0.8414250666	0.8340759343	-0.8340759343	0.8265753981
	-0.8265753981	0.818924774	-0.818924774	0.811125455	-0.811125455
	0.6859624166	-0.6859624166	0.7033760522	-0.7033760522	0.8031788638
	-0.8031788638	0.7947439717	-0.7947439717	0.7861523996	-0.7861523996
	0.7203805517	-0.7203805517	0.7774058024	-0.7774058024	0.769552089
	-0.769552089	0.7369668576	-0.7369668576	0.7615799252	-0.7615799252
	0.7534905972	-0.7534905972	0.7452856021	-0.7452856021	0.5907706457
	-0.5907706457	0.5928557961	-0.5928557961	0.594937333	-0.594937333
	0.5970155005	-0.5970155005	0.5834657298	-0.5834657298	0.5697525289
	-0.5697525289	0.4426319432	-0.4426319432	0.463115572	-0.463115572
	0.4833562662	-0.4833562662	0.5558790288	-0.5558790288	0.5033439412
	-0.5033439412	0.5140124162	-0.5140124162	0.5246019173	-0.5246019173
	0.535110599	-0.535110599	0.5455368184	-0.5455368184	0.0371713943
	-0.0371713943	0.03717078344	-0.03717078344	0.0371702221	-0.0371702221
	0.03716973667	-0.03716973667	0.8414283682	-0.8414283682	0.8340787112
	-0.8340787112	0.826577739	-0.826577739	0.6768991026	-0.6768991026
	0.818926788	-0.818926788	0.8111272498	-0.8111272498	0.6945203881
	-0.6945203881	0.7117359876	-0.7117359876	0.802844141	-0.802844141
	0.794402852	-0.794402852	0.7858050166	-0.7858050166	0.7285371827
	-0.7285371827	0.7770523183	-0.7770523183	0.7691934393	-0.7691934393
	0.7449134789	-0.7449134789	0.7612163906	-0.7612163906	0.7531225615
	-0.7531225615	0.6007263069	-0.6007263069	0.6027918309	-0.6027918309
	0.6048534333	-0.6048534333	0.6069113174	-0.6069113174	0.6089655812
	-0.6089655812	0.5955662058	-0.5955662058	0.5819998262	-0.5819998262
	0.568269724	-0.568269724	0.4314882943	-0.4314882943	0.4520996827
	-0.4520996827	0.4724732195	-0.4724732195	0.4925989324	-0.4925989324
	0.5543794554	-0.5543794554	0.512466072	-0.512466072	0.5230669545
	-0.5230669545	0.5335871402	-0.5335871402	0.5440251477	-0.5440251477
	0.04955287807	-0.04955287807	0.04955228128	-0.04955228128	0.04955171973
	-0.04955171973	0.04955121452	-0.04955121452	0.04955076858	-0.04955076858
	0.841430934	-0.841430934	0.8340809644	-0.8340809644	0.8265797385
	-0.8265797385	0.6677314999	-0.6677314999	0.6855571796	-0.6855571796
	0.8189286427	-0.8189286427	0.8107988199	-0.8107988199	0.7029820047
	-0.7029820047	0.7199965991	-0.7199965991	0.8025093368	-0.8025093368
	0.7940617944	-0.7940617944	0.78545787	-0.78545787	0.73659121
	-0.73659121	0.7766993028	-0.7766993028	0.7688355074	-0.7688355074
	0.7527552881	-0.7527552881	0.7608537581	-0.7608537581	0.6105904926
	-0.6105904926	0.6126358427	-0.6126358427	0.6146772023	-0.6146772023
	0.6167146819	-0.6167146819	0.6187482349	-0.6187482349	0.6207779279
	-0.6207779279	0.607532346	-0.607532346	0.5941161819	-0.5941161819
	0.5805326967	-0.5805326967	0.5667856278	-0.5667856278	0.4202781129
	-0.4202781129	0.4410137561	-0.4410137561	0.4615171995	-0.4615171995
	0.4817781918	-0.4817781918	0.5017864155	-0.5017864155	0.5528788693
	-0.5528788693	0.5215311474	-0.5215311474	0.5320631784	-0.5320631784
	0.5425127737	-0.5425127737	0.06192674595	-0.06192674595	0.06192614459
	-0.06192614459	0.06192558289	-0.06192558289	0.06192507059	-0.06192507059
	0.06192460886	-0.06192460886	0.06192419054	-0.06192419054	0.8414330328
	-0.8414330328	0.658462031	-0.658462031	0.834082849	-0.834082849
	0.826581529	-0.826581529	0.6764883447	-0.6764883447	0.69411969
	-0.69411969	0.8186065001	-0.8186065001	0.8104703282	-0.8104703282
	0.7113456842	-0.7113456842	0.7281564005	-0.7281564005	0.8021745737
	-0.8021745737	0.7937209126	-0.7937209126	0.7851110908	-0.7851110908
	0.7445417842	-0.7445417842	0.7763468927	-0.7763468927	0.7684783455
	-0.7684783455	0.7604917061	-0.7604917061	0.6203622853	-0.6203622853
	0.6223865672	-0.6223865672	0.6244071505	-0.6244071505	0.6264240109
	-0.6264240109	0.6284368432	-0.6284368432	0.6304453171	-0.6304453171
	0.6324493887	-0.6324493887	0.6193613679	-0.6193613679	0.6060988514
	-0.6060988514	0.592665156	-0.592665156	0.5790643169	-0.5790643169
	0.5653004825	-0.5653004825	0.4090036452	-0.4090036452	0.4298598705
	-0.4298598705	0.4504899545	-0.4504899545	0.4708832295	-0.4708832295
	0.4910293081	-0.4910293081	0.5109179251	-0.5109179251	0.5513777925
	-0.5513777925	0.5305389433	-0.5305389433	0.5410003739	-0.5410003739
	0.07429113059	-0.07429113059	0.07429048589	-0.07429048589	0.07428991267
	-0.07428991267	0.07428939739	-0.07428939739	0.07428893026	-0.07428893026
	0.07428850159	-0.07428850159	0.07428810227	-0.07428810227	0.841434717
	-0.841434717	0.649094188	-0.649094188	0.6673158125	-0.6673158125
	0.8340843413	-0.8340843413	0.8262657139	-0.8262657139	0.6851504825
	-0.6851504825	0.7025854236	-0.7025854236	0.8182843567	-0.8182843567
	0.8101418491	-0.8101418491	0.7196100271	-0.7196100271	0.7362142042
	-0.7362142042	0.8018398954	-0.8018398954	0.7933802643	-0.7933802643
	0.7847648035	-0.7847648035	0.7523880379	-0.7523880379	0.7759953863
	-0.7759953863	0.7681223004	-0.7681223004	0.6300419623	-0.6300419623
	0.6320428725	-0.6320428725	0.6340417506	-0.6340417506	0.6360376333
	-0.6360376333	0.6380297217	-0.6380297217	0.640017367	-0.640017367
	0.6419997415	-0.6419997415	0.6439757562	-0.6439757562	0.6310505638
	-0.6310505638	0.6179452589	-0.6179452589	0.6046644459	-0.6046644459
	0.5912127726	-0.5912127726	0.5775946737	-0.5775946737	0.5638147266
	-0.5638147266	0.3976675897	-0.3976675897	0.4186400697	-0.4186400697
	0.4393933565	-0.4393933565	0.4599157699	-0.4599157699	0.4801965904
	-0.4801965904	0.5002255025	-0.5002255025	0.5199926866	-0.5199926866
	0.5498777624	-0.5498777624	0.5394901911	-0.5394901911	0.08664421297
	-0.08664421297	0.08664342167	-0.08664342167	0.08664281318	-0.08664281318
	0.08664229187	-0.08664229187	0.08664182608	-0.08664182608	0.08664139735
	-0.08664139735	0.08664099146	-0.08664099146	0.08664060493	-0.08664060493
	0.6396360596	-0.6396360596	0.8414352069	-0.8414352069	0.6580415309
	-0.6580415309	0.676075867	-0.676075867	0.8337751025	-0.8337751025
	0.8259500359	-0.8259500359	0.6937170301	-0.6937170301	0.7109531457
	-0.7109531457	0.8179621808	-0.8179621808	0.8098133274	-0.8098133274
	0.7277737741	-0.7277737741	0.7441689088	-0.7441689088	0.801505251
	-0.801505251	0.7930398399	-0.7930398399	0.7844193477	-0.7844193477
	0.7601290473	-0.7601290473	0.7756475917	-0.7756475917	0.6416036182
	-0.6416036182	0.6435792873	-0.6435792873	0.6455537651	-0.6455537651
	0.6475249749	-0.6475249749	0.6494920044	-0.6494920044	0.6514539733
	-0.6514539733	0.6534089861	-0.6534089861	0.09898435348	-0.09898435348
	0.1113077839	-0.1113077839	0.1236144751	-0.1236144751	0.1359022752
	-0.1359022752	0.1481692599	-0.1481692599	0.1604135413	-0.1604135413
	0.6553487563	-0.6553487563	0.642597754	-0.642597754	0.6296531093
	-0.6296531093	0.1726332456	-0.1726332456	0.6165280642	-0.6165280642
	0.6032283862	-0.6032283862	0.5897587244	-0.5897587244	0.576123775
	-0.576123775	0.1848265307	-0.1848265307	0.19699176	-0.19699176
	0.2091256696	-0.2091256696	0.221227765	-0.221227765	0.2332959592
	-0.2332959592	0.2453283567	-0.2453283567	0.2573230981	-0.2573230981
	0.2692783376	-0.2692783376	0.2811922301	-0.2811922301	0.2930628594
	-0.2930628594	0.3048891297	-0.3048891297	0.3862749673	-0.3862749673
	0.3166685596	-0.3166685596	0.3283995013	-0.3283995013	0.3748059666
	-0.3748059666	0.3632847132	-0.3632847132	0.3517091595	-0.3517091595
	0.3400802535	-0.3400802535	0.5623294249	-0.5623294249	0.4073563416
	-0.4073563416	0.4282292499	-0.4282292499	0.4488775938	-0.4488775938
	0.4692900763	-0.4692900763	0.4894561323	-0.4894561323	0.5093656715
	-0.5093656715	0.5290097388	-0.5290097388	0.5483890563	-0.5483890563
	0.09898306933	-0.09898306933	0.09898238858	-0.09898238858	0.09898185329
	-0.09898185329	0.09898139184	-0.09898139184	0.09898097254	-0.09898097254
	0.09898057271	-0.09898057271	0.09898017697	-0.09898017697	0.09897980144
	-0.09897980144	0.6529644721	-0.6529644721	0.8414392827	-0.8414392827
	0.6711086352	-0.6711086352	0.6888613475	-0.6888613475	0.8337780837
	-0.8337780837	0.8259527246	-0.8259527246	0.7062116366	-0.7062116366
	0.7231489525	-0.7231489525	0.8179648236	-0.8179648236	0.8098160694
	-0.8098160694	0.7396631724	-0.7396631724	0.7557445234	-0.7557445234
	0.8015082112	-0.8015082112	0.7930430349	-0.7930430349	0.7844220753
	-0.7844220753	0.7713835762	-0.7713835762	0.6549172797	-0.6549172797
	0.6568672829	-0.6568672829	0.6588136571	-0.6588136571	0.6607557676
	-0.6607557676	0.662693017	-0.662693017	0.6646247075	-0.6646247075
	0.666550889	-0.666550889	0.1143861567	-0.1143861567	0.1113071966
	-0.1113071966	0.1266882883	-0.1266882883	0.1389710272	-0.1389710272
	0.1512324759	-0.1512324759	0.1634707481	-0.1634707481	0.1756839663
	-0.1756839663	0.6645199991	-0.6645199991	0.6518893458	-0.6518893458
	0.6390736555	-0.6390736555	0.1878702608	-0.1878702608	0.6260764239
	-0.6260764239	0.6129021102	-0.6129021102	0.5995550717	-0.5995550717
	0.5860397116	-0.5860397116	0.2000277692	-0.2000277692	0.2091257687
	-0.2091257687	0.221227872	-0.221227872	0.2332960467	-0.2332960467
	0.2453284293	-0.2453284293	0.2573231582	-0.2573231582	0.2692783859
	-0.2692783859	0.2811922768	-0.2811922768	0.293063007	-0.293063007
	0.4014292675	-0.4014292675	0.3075903566	-0.3075903566	0.319358686
	-0.319358686	0.3888817705	-0.3888817705	0.3310780936	-0.3310780936
	0.3427468368	-0.3427468368	0.3774322639	-0.3774322639	0.3659255418
	-0.3659255418	0.3543632065	-0.3543632065	0.5723606116	-0.5723606116
	0.4223637218	-0.4223637218	0.4430767295	-0.4430767295	0.4635568584
	-0.4635568584	0.4837933984	-0.4837933984	0.5037760705	-0.5037760705
	0.5234951815	-0.5234951815	0.5429427945	-0.5429427945	0.5579735745
	-0.5579735745	0.1113065362	-0.1113065362	0.1113060211	-0.1113060211
	0.1113055865	-0.1113055865	0.1113051943	-0.1113051943	0.1113048148
	-0.1113048148	0.111304423	-0.111304423	0.1113040051	-0.1113040051
	0.1113037968	-0.1113037968	0.6661085907	-0.6661085907	0.8414421044
	-0.8414421044	0.6839730829	-0.6839730829	0.7014372074	-0.7014372074
	0.8337806886	-0.8337806886	0.8259552011	-0.8259552011	0.71849077
	-0.71849077	0.7351236298	-0.7351236298	0.8179672478	-0.8179672478
	0.8098184717	-0.8098184717	0.751325869	-0.751325869	0.7670877129
	-0.7670877129	0.8015104943	-0.8015104943	0.793044764	-0.793044764
	0.7802347098	-0.7802347098	0.6680342719	-0.6680342719	0.6699557703
	-0.6699557703	0.67187287	-0.67187287	0.6737853268	-0.6737853268
	0.6756930754	-0.6756930754	0.6775969673	-0.6775969673	0.6755917492
	-0.6755917492	0.1297608186	-0.1297608186	0.126687789	-0.126687789
	0.1236135398	-0.1236135398	0.1420384201	-0.1420384201	0.1542942245
	-0.1542942245	0.166526372	-0.166526372	0.1787329917	-0.1787329917
	0.1909122072	-0.1909122072	0.673583867	-0.673583867	0.6610848294
	-0.6610848294	0.6484000744	-0.6484000744	0.2030621337	-0.2030621337
	0.6355321619	-0.6355321619	0.6224848223	-0.6224848223	0.6092620419
	-0.6092620419	0.5958678537	-0.5958678537	0.2121541999	-0.2121541999
	0.2212278908	-0.2212278908	0.2332961049	-0.2332961049	0.245328491
	-0.245328491	0.2573232148	-0.2573232148	0.269278433	-0.269278433
	0.28119231	-0.28119231	0.2930630238	-0.2930630238	0.3075902739
	-0.3075902739	0.4164799658	-0.4164799658	0.4040236614	-0.4040236614
	0.322046285	-0.322046285	0.3337540344	-0.3337540344	0.3914911313
	-0.3914911313	0.34541067	-0.34541067	0.3570144417	-0.3570144417
	0.3800564525	-0.3800564525	0.3685636149	-0.3685636149	0.5817690004
	-0.5817690004	0.4372570188	-0.4372570188	0.4578039935	-0.4578039935
	0.4781101836	-0.4781101836	0.4981651785	-0.4981651785	0.5179588408
	-0.5179588408	0.5374810491	-0.5374810491	0.5525781453	-0.5525781453
	0.5674924659	-0.5674924659	0.1236130633	-0.1236130633	0.1236126649
	-0.1236126649	0.1236123088	-0.1236123088	0.1236119605	-0.1236119605
	0.1236115842	-0.1236115842	0.1236111515	-0.1236111515	0.1236109415
	-0.1236109415	0.1236106982	-0.1236106982	0.6790525056	-0.6790525056
	0.8414445372	-0.8414445372	0.6966300641	-0.6966300641	0.7137994375
	-0.7137994375	0.8337829438	-0.8337829438	0.8259573053	-0.8259573053
	0.7305505163	-0.7305505163	0.7468733215	-0.7468733215	0.8179692157
	-0.8179692157	0.8098202711	-0.8098202711	0.7627580585	-0.7627580585
	0.7760125173	-0.7760125173	0.8015120102	-0.8015120102	0.7889323604
	-0.7889323604	0.6809488494	-0.6809488494	0.6828406474	-0.6828406474
	0.6847278874	-0.6847278874	0.6866106977	-0.6866106977	0.688489664
	-0.688489664	0.6865120786	-0.6865120786	0.6845306174	-0.6845306174
	0.1451044277	-0.1451044277	0.1420379888	-0.1420379888	0.1389701955
	-0.1389701955	0.1359010857	-0.1359010857	0.1573544801	-0.1573544801
	0.1695803852	-0.1695803852	0.1817802915	-0.1817802915	0.1939523287
	-0.1939523287	0.2060946098	-0.2060946098	0.6825449532	-0.6825449532
	0.6701818171	-0.6701818171	0.657630435	-0.657630435	0.2151806475
	-0.2151806475	0.6448936999	-0.6448936999	0.6319751061	-0.6319751061
	0.6188783808	-0.6188783808	0.605081468	-0.605081468	0.2242480785
	-0.2242480785	0.2332961096	-0.2332961096	0.2453285265	-0.2453285265
	0.2573232601	-0.2573232601	0.2692784784	-0.2692784784	0.2811923464
	-0.2811923464	0.2930630375	-0.2930630375	0.3075902255	-0.3075902255
	0.4314186858	-0.4314186858	0.322046108	-0.322046108	0.41905642
	-0.41905642	0.4066156691	-0.4066156691	0.3364273616	-0.3364273616
	0.3480718033	-0.3480718033	0.3940987069	-0.3940987069	0.359662926
	-0.359662926	0.3711989715	-0.3711989715	0.3826781693	-0.3826781693
	0.5911004006	-0.5911004006	0.4520317691	-0.4520317691	0.4724068142
	-0.4724068142	0.4925333641	-0.4925333641	0.5124011231	-0.5124011231
	0.531999495	-0.531999495	0.5471601166	-0.5471601166	0.5621412518
	-0.5621412518	0.5769387644	-0.5769387644	0.1359007339	-0.1359007339
	0.1359004239	-0.1359004239	0.1359001196	-0.1359001196	0.1358997744
	-0.1358997744	0.1358993424	-0.1358993424	0.1358991242	-0.1358991242
	0.1358988776	-0.1358988776	0.1358986156	-0.1358986156	0.6917904889
	-0.6917904889	0.8414465591	-0.8414465591	0.7090751704	-0.7090751704
	0.7259440295	-0.7259440295	0.8337847314	-0.8337847314	0.8259588812
	-0.8259588812	0.7423870073	-0.7423870073	0.7583942823	-0.7583942823
	0.8179706271	-0.8179706271	0.8098215989	-0.8098215989	0.7717556725
	-0.7717556725	0.7847844122	-0.7847844122	0.7974748338	-0.7974748338
	0.6936565643	-0.6936565643	0.6955180712	-0.6955180712	0.6973751553
	-0.6973751553	0.6992281079	-0.6992281079	0.6972788206	-0.6972788206
	0.6953250224	-0.6953250224	0.6933667203	-0.6933667203	0.1604132298
	-0.1604132298	0.1573541009	-0.1573541009	0.1542934933	-0.1542934933
	0.1512314214	-0.1512314214	0.1481679029	-0.1481679029	0.1726327654
	-0.1726327654	0.1848258305	-0.1848258305	0.1969905767	-0.1969905767
	0.2091251176	-0.2091251176	0.2182050514	-0.2182050514	0.6914036424
	-0.6914036424	0.6791789455	-0.6791789455	0.6667631491	-0.6667631491
	0.2272661245	-0.2272661245	0.6541595359	-0.6541595359	0.6413715603
	-0.6413715603	0.6278887086	-0.6278887086	0.6142146903	-0.6142146903
	0.236307545	-0.236307545	0.2453285311	-0.2453285311	0.2573232849
	-0.2573232849	0.2692785152	-0.2692785152	0.2811923876	-0.2811923876
	0.2930630696	-0.2930630696	0.3075902215	-0.3075902215	0.3220460226
	-0.3220460226	0.446240467	-0.446240467	0.4339755897	-0.4339755897
	0.3364271362	-0.3364271362	0.4216296729	-0.4216296729	0.4092049289
	-0.4092049289	0.3507302506	-0.3507302506	0.3623086534	-0.3623086534
	0.3967036739	-0.3967036739	0.3738315436	-0.3738315436	0.3852971506
	-0.3852971506	0.6003535949	-0.6003535949	0.4666836017	-0.4666836017
	0.4868809248	-0.4868809248	0.5068221664	-0.5068221664	0.526496802
	-0.526496802	0.5417199504	-0.5417199504	0.5567662613	-0.5567662613
	0.5716308446	-0.5716308446	0.5863094698	-0.5863094698	0.148167649
	-0.148167649	0.1481674028	-0.1481674028	0.1481671099	-0.1481671099
	0.1481666933	-0.1481666933	0.1481664592	-0.1481664592	0.1481661982
	-0.1481661982	0.1481659288	-0.1481659288	0.148165662	-0.148165662
	0.7043181843	-0.7043181843	0.8414480276	-0.8414480276	0.7213043589
	-0.7213043589	0.737867102	-0.737867102	0.8337858828	-0.8337858828
	0.8259598133	-0.8259598133	0.753996443	-0.753996443	0.7674642454
	-0.7674642454	0.8179716018	-0.8179716018	0.8058602922	-0.8058602922
	0.7806012516	-0.7806012516	0.7934017732	-0.7934017732	0.7061534451
	-0.7061534451	0.7079842142	-0.7079842142	0.7098105346	-0.7098105346
	0.7078899423	-0.7078899423	0.705964495	-0.705964495	0.7040343209
	-0.7040343209	0.7020993482	-0.7020993482	0.1756835082	-0.1756835082
	0.1726324322	-0.1726324322	0.1695797565	-0.1695797565	0.1665254663
	-0.1665254663	0.1634695718	-0.1634695718	0.1604120956	-0.1604120956
	0.18786958	-0.18786958	0.2000268989	-0.2000268989	0.2121535967
	-0.2121535967	0.2212273573	-0.2212273573	0.2302819958	-0.2302819958
	0.7001593644	-0.7001593644	0.6880750534	-0.6880750534	0.6757968025
	-0.6757968025	0.2393167182	-0.2393167182	0.6633282363	-0.6633282363
	0.6501709131	-0.6501709131	0.636815648	-0.636815648	0.6232663768
	-0.6232663768	0.248330741	-0.248330741	0.2573232914	-0.2573232914
	0.2692785329	-0.2692785329	0.2811924229	-0.2811924229	0.293063117
	-0.293063117	0.3075902633	-0.3075902633	0.322046024	-0.322046024
	0.46094086	-0.46094086	0.3364270482	-0.3364270482	0.4487767812
	-0.4487767812	0.4365290211	-0.4365290211	0.3507300097	-0.3507300097
	0.4241997487	-0.4241997487	0.4117912186	-0.4117912186	0.3649516165
	-0.3649516165	0.3764612678	-0.3764612678	0.3993057592	-0.3993057592
	0.3879132482	-0.3879132482	0.6095271789	-0.6095271789	0.4812081654
	-0.4812081654	0.5012220831	-0.5012220831	0.5209725185	-0.5209725185
	0.5362576268	-0.5362576268	0.5513681025	-0.5513681025	0.5662988073
	-0.5662988073	0.5810450888	-0.5810450888	0.5956025326	-0.5956025326
	0.1604119206	-0.1604119206	0.1604117091	-0.1604117091	0.1604113333
	-0.1604113333	0.1604110671	-0.1604110671	0.160410777	-0.160410777
	0.1604104895	-0.1604104895	0.1604102134	-0.1604102134	0.1604099532
	-0.1604099532	0.7166316503	-0.7166316503	0.841448695	-0.841448695
	0.7333138271	-0.7333138271	0.7495647952	-0.7495647952	0.8337860906
	-0.8337860906	0.8259600411	-0.8259600411	0.7631383813	-0.7631383813
	0.7763830584	-0.7763830584	0.8140869082	-0.8140869082	0.8018628889
	-0.8018628889	0.789293112	-0.789293112	0.7184356725	-0.7184356725
	0.7202349907	-0.7202349907	0.7183433527	-0.7183433527	0.7164466802
	-0.7164466802	0.7145451725	-0.7145451725	0.7126388554	-0.7126388554
	0.7107276643	-0.7107276643	0.1909115421	-0.1909115421	0.1878692969
	-0.1878692969	0.1848253204	-0.1848253204	0.1817795593	-0.1817795593
	0.1787320268	-0.1787320268	0.1756827558	-0.1756827558	0.1726317816
	-0.1726317816	0.2030612349	-0.2030612349	0.2151799732	-0.2151799732
	0.2242475074	-0.2242475074	0.2332956505	-0.2332956505	0.2423236037
	-0.2423236037	0.7088114194	-0.7088114194	0.6968690003	-0.6968690003
	0.6847300289	-0.6847300289	0.2513305834	-0.2513305834	0.6719091328
	-0.6719091328	0.6588839139	-0.6588839139	0.645658073	-0.645658073
	0.6322353706	-0.6322353706	0.2603158141	-0.2603158141	0.2692785328
	-0.2692785328	0.28119243	-0.28119243	0.2930631609	-0.2930631609
	0.4755154611	-0.4755154611	0.3075903395	-0.3075903395	0.3220461019
	-0.3220461019	0.3364270881	-0.3364270881	0.4634556776	-0.4634556776
	0.3507299592	-0.3507299592	0.451309519	-0.451309519	0.4390790953
	-0.4390790953	0.3649513944	-0.3649513944	0.4267666321	-0.4267666321
	0.4143744207	-0.4143744207	0.3790881183	-0.3790881183	0.3905263484
	-0.3905263484	0.4019048126	-0.4019048126	0.6186197502	-0.6186197502
	0.4956010554	-0.4956010554	0.5154264097	-0.5154264097	0.5307731176
	-0.5307731176	0.5459470726	-0.5459470726	0.5609431122	-0.5609431122
	0.5757564013	-0.5757564013	0.5903822435	-0.5903822435	0.6048160145
	-0.6048160145	0.1726316876	-0.1726316876	0.1726314147	-0.1726314147
	0.1726310755	-0.1726310755	0.1726307333	-0.1726307333	0.1726304161
	-0.1726304161	0.172630124	-0.172630124	0.172629855	-0.172629855
	0.1726296089	-0.1726296089	0.7287272988	-0.7287272988	0.8414478227
	-0.8414478227	0.7450999306	-0.7450999306	0.7587783139	-0.7587783139
	0.8337844246	-0.8337844246	0.8221528459	-0.8221528459	0.7721299756
	-0.7721299756	0.7851490015	-0.7851490015	0.8101660765	-0.8101660765
	0.7978295902	-0.7978295902	0.7304996891	-0.7304996891	0.7286369494
	-0.7286369494	0.7267692906	-0.7267692906	0.7248968409	-0.7248968409
	0.7230195923	-0.7230195923	0.7211375697	-0.7211375697	0.7192508656
	-0.7192508656	0.2060935413	-0.2060935413	0.2030610293	-0.2030610293
	0.200026546	-0.200026546	0.1969900565	-0.1969900565	0.1939516136
	-0.1939516136	0.1909112747	-0.1909112747	0.1878690971	-0.1878690971
	0.1848251378	-0.1848251378	0.2182040991	-0.2182040991	0.2272654234
	-0.2272654234	0.2363070415	-0.2363070415	0.2453281694	-0.2453281694
	0.2543280398	-0.2543280398	0.7173595375	-0.7173595375	0.7055595486
	-0.7055595486	0.6930851707	-0.6930851707	0.2633058804	-0.2633058804
	0.6804006743	-0.6804006743	0.6675094189	-0.6675094189	0.654414889
	-0.654414889	0.6411206078	-0.6411206078	0.2722609152	-0.2722609152
	0.2811923808	-0.2811923808	0.2930631518	-0.2930631518	0.3075904273
	-0.3075904273	0.4899595579	-0.4899595579	0.4780079361	-0.4780079361
	0.3220462386	-0.3220462386	0.3364272353	-0.3364272353	0.3507300795
	-0.3507300795	0.465966999	-0.465966999	0.3649514378	-0.3649514378
	0.4538388881	-0.4538388881	0.441625892	-0.441625892	0.3790879709
	-0.3790879709	0.429330308	-0.429330308	0.4169544388	-0.4169544388
	0.3931363449	-0.3931363449	0.4045006418	-0.4045006418	0.6276300506
	-0.6276300506	0.5098580679	-0.5098580679	0.5252664489	-0.5252664489
	0.5405033769	-0.5405033769	0.5555640751	-0.5555640751	0.5704437536
	-0.5704437536	0.5851375846	-0.5851375846	0.5996405927	-0.5996405927
	0.6139474183	-0.6139474183	0.1848251426	-0.1848251426	0.1848246133
	-0.1848246133	0.1848241848	-0.1848241848	0.1848238274	-0.1848238274
	0.1848235146	-0.1848235146	0.1848232344	-0.1848232344	0.1848229813
	-0.1848229813	0.1848227523	-0.1848227523	0.7406037416	-0.7406037416
	0.8414398181	-0.8414398181	0.754384317	-0.754384317	0.7678421151
	-0.7678421151	0.8300563951	-0.8300563951	0.8183097972	-0.8183097972
	0.7809695253	-0.7809695253	0.7937604402	-0.7937604402	0.8062090997
	-0.8062090997	0.7387685399	-0.7387685399	0.7369299997	-0.7369299997
	0.735086973	-0.735086973	0.7332391557	-0.7332391557	0.7313865277
	-0.7313865277	0.7295292991	-0.7295292991	0.7276681808	-0.7276681808
	0.2212253808	-0.2212253808	0.2182040623	-0.2182040623	0.215179846
	-0.215179846	0.2121533356	-0.2121533356	0.2091246886	-0.2091246886
	0.2060939893	-0.2060939893	0.2030613182	-0.2030613182	0.2000268039
	-0.2000268039	0.1969908714	-0.1969908714	0.2302810013	-0.2302810013
	0.2393161349	-0.2393161349	0.2483303877	-0.2483303877	0.2573230826
	-0.2573230826	0.266293472	-0.266293472	0.7258055101	-0.7258055101
	0.7136821096	-0.7136821096	0.7013478267	-0.7013478267	0.2752407826
	-0.2752407826	0.6888016601	-0.6888016601	0.6760462957	-0.6760462957
	0.6630850426	-0.6630850426	0.6499212278	-0.6499212278	0.2841642117
	-0.2841642117	0.5042661456	-0.5042661456	0.2930628615	-0.2930628615
	0.307590497	-0.307590497	0.3220464159	-0.3220464159	0.4924292579
	-0.4924292579	0.4804974773	-0.4804974773	0.3364274654	-0.3364274654
	0.3507303324	-0.3507303324	0.364951691	-0.364951691	0.4684751431
	-0.4684751431	0.3790882065	-0.3790882065	0.4563649995	-0.4563649995
	0.4441694466	-0.4441694466	0.3931364688	-0.3931364688	0.4318907787
	-0.4318907787	0.4195311879	-0.4195311879	0.4070924809	-0.4070924809
	0.6365574786	-0.6365574786	0.5197378146	-0.5197378146	0.5350372532
	-0.5350372532	0.5501619486	-0.5501619486	0.5651073834	-0.5651073834
	0.5798687402	-0.5798687402	0.5944410102	-0.5944410102	0.6088185058
	-0.6088185058	0.6229916796	-0.6229916796	0.1969897785	-0.1969897785
	0.1969892387	-0.1969892387	0.1969888411	-0.1969888411	0.1969885081
	-0.1969885081	0.1969882164	-0.1969882164	0.1969879565	-0.1969879565
	0.1969877236	-0.1969877236	0.1969875109	-0.1969875109	0.754385386
	-0.754385386	0.8414526438	-0.8414526438	0.7678441134	-0.7678441134
	0.7809719007	-0.7809719007	0.8300620225	-0.8300620225	0.8183136036
	-0.8183136036	0.7937631319	-0.7937631319	0.8062121971	-0.8062121971
	0.7525956872	-0.7525956872	0.750800679	-0.750800679	0.7490004169
	-0.7490004169	0.7471949147	-0.7471949147	0.7453841669	-0.7453841669
	0.7435680798	-0.7435680798	0.7417461465	-0.7417461465	0.2302809628
	-0.2302809628	0.2272653948	-0.2272653948	0.2242474172	-0.2242474172
	0.221227151	-0.221227151	0.2182046843	-0.2182046843	0.215180091
	-0.215180091	0.2121534532	-0.2121534532	0.2091248741	-0.2091248741
	0.2091245588	-0.2091245588	0.2393159727	-0.2393159727	0.2483302735
	-0.2483302735	0.2573230354	-0.2573230354	0.2662934933	-0.2662934933
	0.2752408826	-0.2752408826	0.7272680121	-0.7272680121	0.7151780025
	-0.7151780025	0.702871397	-0.702871397	0.2841644325	-0.2841644325
	0.6903513992	-0.6903513992	0.677621341	-0.677621341	0.6646846628
	-0.6646846628	0.6515447522	-0.6515447522	0.2930633683	-0.2930633683
	0.5065586736	-0.5065586736	0.3075931153	-0.3075931153	0.3220490907
	-0.3220490907	0.3364302048	-0.3364302048	0.4947365191	-0.4947365191
	0.4828216932	-0.4828216932	0.3507331176	-0.3507331176	0.3649545059
	-0.3649545059	0.3790910581	-0.3790910581	0.4708164141	-0.4708164141
	0.3931394646	-0.3931394646	0.4587230309	-0.4587230309	0.4465438509
	-0.4465438509	0.407096417	-0.407096417	0.4342811506	-0.4342811506
	0.4219372113	-0.4219372113	0.6382050902	-0.6382050902	0.5220018932
	-0.5220018932	0.5372752699	-0.5372752699	0.5523737261	-0.5523737261
	0.5672924088	-0.5672924088	0.5820264503	-0.5820264503	0.5965709305
	-0.5965709305	0.6246996669	-0.6246996669	0.6109208971	-0.6109208971
	0.209124039	-0.209124039	0.2091236211	-0.2091236211	0.2091232702
	-0.2091232702	0.209122965	-0.209122965	0.2091226954	-0.2091226954
	0.2091224565	-0.2091224565	0.2091222452	-0.2091222452	0.2091220164
	-0.2091220164	0.7678459665	-0.7678459665	0.841459001	-0.841459001
	0.7809742776	-0.7809742776	0.7937659691	-0.7937659691	0.8300670242
	-0.8300670242	0.8183176114	-0.8183176114	0.8062155402	-0.8062155402
	0.7660998698	-0.7660998698	0.764348156	-0.764348156	0.762590821
	-0.762590821	0.7608278058	-0.7608278058	0.7590589727	-0.7590589727
	0.7572840664	-0.7572840664	0.7431786495	-0.7431786495	0.2393161392
	-0.2393161392	0.2363070702	-0.2363070702	0.2332956371	-0.2332956371
	0.2302818721	-0.2302818721	0.2272658337	-0.2272658337	0.2242475874
	-0.2242475874	0.2212271921	-0.2212271921	0.2212270006	-0.2212270006
	0.2212266318	-0.2212266318	0.2483303053	-0.2483303053	0.2573230455
	-0.2573230455	0.266293528	-0.266293528	0.2752409637	-0.2752409637
	0.2841645777	-0.2841645777	0.7287327402	-0.7287327402	0.7166711745
	-0.7166711745	0.7043916516	-0.7043916516	0.2930635998	-0.2930635998
	0.6918978193	-0.6918978193	0.6791932541	-0.6791932541	0.6662816166
	-0.6662816166	0.6531669272	-0.6531669272	0.3075934146	-0.3075934146
	0.5088449028	-0.5088449028	0.322051835	-0.322051835	0.3364330026
	-0.3364330026	0.3507359844	-0.3507359844	0.4970401337	-0.4970401337
	0.4851426589	-0.4851426589	0.3649574299	-0.3649574299	0.3790940295
	-0.3790940295	0.3931425058	-0.3931425058	0.47315455	-0.47315455
	0.4070996186	-0.4070996186	0.4610780246	-0.4610780246	0.448915336
	-0.448915336	0.4219402476	-0.4219402476	0.4366687656	-0.4366687656
	0.6398777412	-0.6398777412	0.524262419	-0.524262419	0.5395098828
	-0.5395098828	0.5545820504	-0.5545820504	0.5694739557	-0.5694739557
	0.5841807514	-0.5841807514	0.6263965347	-0.6263965347	0.5986977233
	-0.5986977233	0.6126404504	-0.6126404504	0.2212262452	-0.2212262452
	0.2212258933	-0.2212258933	0.22122558	-0.22122558	0.2212253022
	-0.2212253022	0.2212250569	-0.2212250569	0.2212248419	-0.2212248419
	0.2212246049	-0.2212246049	0.2212244052	-0.2212244052	0.7809766992
	-0.7809766992	0.8414638571	-0.8414638571	0.7937688425	-0.7937688425
	0.8062189179	-0.8062189179	0.8300714769	-0.8300714769	0.818321526
	-0.818321526	0.7792745409	-0.7792745409	0.7775665119	-0.7775665119
	0.775852555	-0.775852555	0.774132581	-0.774132581	0.7724064865
	-0.7724064865	0.7586803573	-0.7586803573	0.7446079174	-0.7446079174
	0.2483304872	-0.2483304872	0.2453283112	-0.2453283112	0.24232371
	-0.24232371	0.2393167011	-0.2393167011	0.2363073358	-0.2363073358
	0.2332956717	-0.2332956717	0.2332954879	-0.2332954879	0.2332952043
	-0.2332952043	0.2332948525	-0.2332948525	0.2573231586	-0.2573231586
	0.2662936161	-0.2662936161	0.2752410586	-0.2752410586	0.2841647011
	-0.2841647011	0.2930637682	-0.2930637682	0.7301955418	-0.7301955418
	0.7181614696	-0.7181614696	0.7059087815	-0.7059087815	0.3075936584
	-0.3075936584	0.69344117	-0.69344117	0.6807623631	-0.6807623631
	0.667876315	-0.667876315	0.6548100291	-0.6548100291	0.3220521364
	-0.3220521364	0.5111267425	-0.5111267425	0.3364358364	-0.3364358364
	0.3507389092	-0.3507389092	0.3649604447	-0.3649604447	0.4993400183
	-0.4993400183	0.4874602166	-0.4874602166	0.3790971087	-0.3790971087
	0.3931456272	-0.3931456272	0.407102774	-0.407102774	0.4754894568
	-0.4754894568	0.4219433663	-0.4219433663	0.4634299247	-0.4634299247
	0.4512838478	-0.4512838478	0.4366716844	-0.4366716844	0.6415461115
	-0.6415461115	0.5265191575	-0.5265191575	0.5417408825	-0.5417408825
	0.5567867764	-0.5567867764	0.6280883652	-0.6280883652	0.5716518794
	-0.5716518794	0.5863313905	-0.5863313905	0.6143559614	-0.6143559614
	0.600435546	-0.600435546	0.233294515	-0.233294515	0.2332942001
	-0.2332942001	0.2332939159	-0.2332939159	0.2332936647	-0.2332936647
	0.2332934454	-0.2332934454	0.2332932029	-0.2332932029	0.2332929947
	-0.2332929947	0.2332928187	-0.2332928187	0.7937716704	-0.7937716704
	0.8414683418	-0.8414683418	0.8062222854	-0.8062222854	0.8183254294
	-0.8183254294	0.8300757905	-0.8300757905	0.7921140533	-0.7921140533
	0.7904503392	-0.7904503392	0.7887804452	-0.7887804452	0.7871042912
	-0.7871042912	0.773764816	-0.773764816	0.7600727219	-0.7600727219
	0.7460341155	-0.7460341155	0.2573233347	-0.2573233347	0.2543283547
	-0.2543283547	0.2513308502	-0.2513308502	0.2483308426	-0.2483308426
	0.2453283937	-0.2453283937	0.2453281965	-0.2453281965	0.2453279369
	-0.2453279369	0.2453276232	-0.2453276232	0.2453272858	-0.2453272858
	0.2662937668	-0.2662937668	0.2752411927	-0.2752411927	0.2841648344
	-0.2841648344	0.2930639173	-0.2930639173	0.3075938551	-0.3075938551
	0.7316555125	-0.7316555125	0.7196487469	-0.7196487469	0.707422869
	-0.707422869	0.3220523976	-0.3220523976	0.6949815919	-0.6949815919
	0.6823287613	-0.6823287613	0.6694906129	-0.6694906129	0.6564498353
	-0.6564498353	0.3364361856	-0.3364361856	0.5134046736	-0.5134046736
	0.3507418452	-0.3507418452	0.3649635255	-0.3649635255	0.3791003009
	-0.3791003009	0.501636236	-0.501636236	0.4897743269	-0.4897743269
	0.3931488704	-0.3931488704	0.407106023	-0.407106023	0.4219465833
	-0.4219465833	0.4778210918	-0.4778210918	0.4366747987	-0.4366747987
	0.4657786919	-0.4657786919	0.4512867917	-0.4512867917	0.643210429
	-0.643210429	0.5287721059	-0.5287721059	0.5439681678	-0.5439681678
	0.5589877856	-0.5589877856	0.629776226	-0.629776226	0.6160676907
	-0.6160676907	0.5738260227	-0.5738260227	0.5880883285	-0.5880883285
	0.6021703001	-0.6021703001	0.2453269726	-0.2453269726	0.2453266825
	-0.2453266825	0.2453264249	-0.2453264249	0.245326202	-0.245326202
	0.2453259566	-0.2453259566	0.2453257431	-0.2453257431	0.245325559
	-0.245325559	0.2453254034	-0.2453254034	0.8062255713	-0.8062255713
	0.8414730241	-0.8414730241	0.8183294527	-0.8183294527	0.8300803565
	-0.8300803565	0.8046132411	-0.8046132411	0.8029945645	-0.8029945645
	0.8013693763	-0.8013693763	0.7884236549	-0.7884236549	0.7751190116
	-0.7751190116	0.7614614498	-0.7614614498	0.7474571084	-0.7474571084
	0.2662939497	-0.2662939497	0.263306438	-0.263306438	0.2603162705
	-0.2603162705	0.2573235005	-0.2573235005	0.2573232771	-0.2573232771
	0.2573230111	-0.2573230111	0.25732271	-0.25732271	0.257322385
	-0.257322385	0.2573220549	-0.2573220549	0.2752413724	-0.2752413724
	0.2841649988	-0.2841649988	0.2930640724	-0.2930640724	0.3075940208
	-0.3075940208	0.3220526007	-0.3220526007	0.7331124122	-0.7331124122
	0.7211329685	-0.7211329685	0.7089339489	-0.7089339489	0.3364364622
	-0.3364364622	0.6965190823	-0.6965190823	0.6839140383	-0.6839140383
	0.6711017233	-0.6711017233	0.658086069	-0.658086069	0.3507422552
	-0.3507422552	0.5156788103	-0.5156788103	0.3649666025	-0.3649666025
	0.3791035999	-0.3791035999	0.3931522785	-0.3931522785	0.5039288045
	-0.5039288045	0.4920849823	-0.4920849823	0.4071094289	-0.4071094289
	0.4219499425	-0.4219499425	0.4366780826	-0.4366780826	0.4801494485
	-0.4801494485	0.4512899583	-0.4512899583	0.4657816884	-0.4657816884
	0.6448709455	-0.6448709455	0.5310212581	-0.5310212581	0.5461916826
	-0.5461916826	0.5611849932	-0.5611849932	0.631460304	-0.631460304
	0.6177758309	-0.6177758309	0.6039018265	-0.6039018265	0.5756020879
	-0.5756020879	0.5898424816	-0.5898424816	0.2573217555	-0.2573217555
	0.2573214876	-0.2573214876	0.2573212614	-0.2573212614	0.2573210175
	-0.2573210175	0.2573208021	-0.2573208021	0.2573206121	-0.2573206121
	0.2573204481	-0.2573204481	0.2573203113	-0.2573203113	0.8183335992
	-0.8183335992	0.8414786248	-0.8414786248	0.8300856662	-0.8300856662
	0.8167674483	-0.8167674483	0.8151943829	-0.8151943829	0.8026488947
	-0.8026488947	0.7897386045	-0.7897386045	0.7764692536	-0.7764692536
	0.7628466331	-0.7628466331	0.7488768331	-0.7488768331	0.2752415954
	-0.2752415954	0.2722617963	-0.2722617963	0.2692791683	-0.2692791683
	0.2692788909	-0.2692788909	0.2692785951	-0.2692785951	0.2692782867
	-0.2692782867	0.269277964	-0.269277964	0.2692776316	-0.2692776316
	0.2692772996	-0.2692772996	0.2841652195	-0.2841652195	0.2930642611
	-0.2930642611	0.3075941764	-0.3075941764	0.3220527521	-0.3220527521
	0.3364366451	-0.3364366451	0.7345661958	-0.7345661958	0.7226141403
	-0.7226141403	0.7104419856	-0.7104419856	0.3507425248	-0.3507425248
	0.6980748892	-0.6980748892	0.6854961068	-0.6854961068	0.6727094531
	-0.6727094531	0.6597187124	-0.6597187124	0.364967072	-0.364967072
	0.5179491079	-0.5179491079	0.3791069174	-0.3791069174	0.3931559157
	-0.3931559157	0.4071130765	-0.4071130765	0.5062176946	-0.5062176946
	0.4943922114	-0.4943922114	0.4219534838	-0.4219534838	0.4366815365
	-0.4366815365	0.4512933316	-0.4512933316	0.4801524991	-0.4801524991
	0.4657849482	-0.4657849482	0.6465276767	-0.6465276767	0.5332665842
	-0.5332665842	0.5484114096	-0.5484114096	0.5629799537	-0.5629799537
	0.6331403556	-0.6331403556	0.6194803277	-0.6194803277	0.6056300982
	-0.6056300982	0.5915937409	-0.5915937409	0.577375561	-0.577375561
	0.2692770087	-0.2692770087	0.269276775	-0.269276775	0.269276542
	-0.269276542	0.2692763299	-0.2692763299	0.2692761365	-0.2692761365
	0.2692759648	-0.2692759648	0.2692758182	-0.2692758182	0.2692757003
	-0.2692757003	0.8300922092	-0.8300922092	0.8414870553	-0.8414870553
	0.8285734789	-0.8285734789	0.81643298	-0.81643298	0.8039234797
	-0.8039234797	0.7910493277	-0.7910493277	0.777815703	-0.777815703
	0.7642283298	-0.7642283298	0.7502932899	-0.7502932899	0.2841655741
	-0.2841655741	0.2811936321	-0.2811936321	0.2811932126	-0.2811932126
	0.281192856	-0.281192856	0.2811925239	-0.2811925239	0.2811921943
	-0.2811921943	0.2811918593	-0.2811918593	0.2811915155	-0.2811915155
	0.2811911568	-0.2811911568	0.2930645526	-0.2930645526	0.3075943509
	-0.3075943509	0.32205287	-0.32205287	0.3364367474	-0.3364367474
	0.3507426447	-0.3507426447	0.7360169312	-0.7360169312	0.7240922549
	-0.7240922549	0.7119677871	-0.7119677871	0.3649672713	-0.3649672713
	0.6996274404	-0.6996274404	0.6870748802	-0.6870748802	0.6743137771
	-0.6743137771	0.6613477724	-0.6613477724	0.3791073988	-0.3791073988
	0.5202153061	-0.5202153061	0.3931598033	-0.3931598033	0.4071172186
	-0.4071172186	0.4219572691	-0.4219572691	0.5085028959	-0.5085028959
	0.4943953442	-0.4943953442	0.436685154	-0.436685154	0.4512968801
	-0.4512968801	0.4657884523	-0.4657884523	0.4801559192	-0.4801559192
	0.6481804096	-0.6481804096	0.5355080788	-0.5355080788	0.5502249142
	-0.5502249142	0.5647725703	-0.5647725703	0.6348152433	-0.6348152433
	0.6211808439	-0.6211808439	0.6073550847	-0.6073550847	0.5933421248
	-0.5933421248	0.57914646	-0.57914646	0.281190887	-0.281190887
	0.2811906926	-0.2811906926	0.2811904916	-0.2811904916	0.2811902971
	-0.2811902971	0.2811901186	-0.2811901186	0.2811899617	-0.2811899617
	0.2811898313	-0.2811898313	0.2811897342	-0.2811897342	0.8415072588
	-0.8415072588	0.8297685115	-0.8297685115	0.8176657011	-0.8176657011
	0.8051935858	-0.8051935858	0.7923560903	-0.7923560903	0.7791584953
	-0.7791584953	0.7656065874	-0.7656065874	0.7517064981	-0.7517064981
	0.2930653548	-0.2930653548	0.2930644177	-0.2930644177	0.293063959
	-0.293063959	0.2930635916	-0.2930635916	0.2930632481	-0.2930632481
	0.293062909	-0.293062909	0.2930625653	-0.2930625653	0.2930621981
	-0.2930621981	0.2930616947	-0.2930616947	0.3075945811	-0.3075945811
	0.322052967	-0.322052967	0.3364367933	-0.3364367933	0.3507426603
	-0.3507426603	0.3649672581	-0.3649672581	0.7374649971	-0.7374649971
	0.7255874002	-0.7255874002	0.7134902529	-0.7134902529	0.3791073625
	-0.3791073625	0.7011767349	-0.7011767349	0.6886503873	-0.6886503873
	0.6759147805	-0.6759147805	0.6629733578	-0.6629733578	0.3931599692
	-0.3931599692	0.5224764062	-0.5224764062	0.4071231296	-0.4071231296
	0.4219613922	-0.4219613922	0.4366888987	-0.4366888987	0.5085063816
	-0.5085063816	0.4943990956	-0.4943990956	0.4513005456	-0.4513005456
	0.4657921252	-0.4657921252	0.4801596332	-0.4801596332	0.6498288557
	-0.6498288557	0.6364789636	-0.6364789636	0.5373398795	-0.5373398795
	0.5520365493	-0.5520365493	0.5665629682	-0.5665629682	0.6228768648
	-0.6228768648	0.6090769827	-0.6090769827	0.5950878168	-0.5950878168
	0.5809148907	-0.5809148907	0.2930616426	-0.2930616426	0.2930614613
	-0.2930614613	0.2930612667	-0.2930612667	0.2930610814	-0.2930610814
	0.2930609138	-0.2930609138	0.2930607693	-0.2930607693	0.2930606539
	-0.2930606539	0.2930605834	-0.2930605834	0.8414888213	-0.8414888213
	0.8297636903	-0.8297636903	0.8176633294	-0.8176633294	0.80519209
	-0.80519209	0.7923550599	-0.7923550599	0.7791578189	-0.7791578189
	0.765606259	-0.765606259	0.751706516	-0.751706516	0.3075944556
	-0.3075944556	0.3075940167	-0.3075940167	0.3075936313	-0.3075936313
	0.3075932741	-0.3075932741	0.3075929289	-0.3075929289	0.3075925876
	-0.3075925876	0.3075922436	-0.3075922436	0.3075918907	-0.3075918907
	0.3075891597	-0.3075891597	0.3220529037	-0.3220529037	0.3364366997
	-0.3364366997	0.3507425216	-0.3507425216	0.3649670471	-0.3649670471
	0.3791069903	-0.3791069903	0.7383333998	-0.7383333998	0.7264730467
	-0.7264730467	0.7143923448	-0.7143923448	0.3931591132	-0.3931591132
	0.7020948145	-0.7020948145	0.6895839965	-0.6895839965	0.6768634258
	-0.6768634258	0.6639365501	-0.6639365501	0.4071202037	-0.4071202037
	0.5298050341	-0.5298050341	0.4297536337	-0.4297536337	0.4444210671
	-0.4444210671	0.4589701066	-0.4589701066	0.5159054061	-0.5159054061
	0.5018683986	-0.5018683986	0.4733969257	-0.4733969257	0.4876976408
	-0.4876976408	0.6508068452	-0.6508068452	0.6295947146	-0.6295947146
	0.5445856958	-0.5445856958	0.5591988537	-0.5591988537	0.5736399523
	-0.5736399523	0.6158858405	-0.6158858405	0.6019878961	-0.6019878961
	0.5879044698	-0.5879044698	0.3075889585	-0.3075889585	0.3075887558
	-0.3075887558	0.3075885606	-0.3075885606	0.3075883802	-0.3075883802
	0.3075882191	-0.3075882191	0.3075880807	-0.3075880807	0.3075879662
	-0.3075879662	0.3048864248	-0.3048864248	0.8414821323	-0.8414821323
	0.8297601944	-0.8297601944	0.8176612195	-0.8176612195	0.8051906876
	-0.8051906876	0.7923541319	-0.7923541319	0.7791572889	-0.7791572889
	0.7656060665	-0.7656060665	0.7525550018	-0.7525550018	0.3220526372
	-0.3220526372	0.3220522797	-0.3220522797	0.322051922	-0.322051922
	0.3220515723	-0.3220515723	0.3220512314	-0.3220512314	0.3220508995
	-0.3220508995	0.32205058	-0.32205058	0.3220478254	-0.3220478254
	0.3220451209	-0.3220451209	0.3364364944	-0.3364364944	0.3507423123
	-0.3507423123	0.3649667979	-0.3649667979	0.3791066539	-0.3791066539
	0.3931585909	-0.3931585909	0.7392013855	-0.7392013855	0.7273578453
	-0.7273578453	0.715293553	-0.715293553	0.4071193106	-0.4071193106
	0.7030120232	-0.7030120232	0.6905168161	-0.6905168161	0.6778116304
	-0.6778116304	0.6649006068	-0.6649006068	0.429753362	-0.429753362
	0.5370919539	-0.5370919539	0.4521200284	-0.4521200284	0.4666055909
	-0.4666055909	0.4809667654	-0.4809667654	0.5232660287	-0.5232660287
	0.509300745	-0.509300745	0.495199746	-0.495199746	0.6440202023
	-0.6440202023	0.6226532167	-0.6226532167	0.5517907752	-0.5517907752
	0.5663200175	-0.5663200175	0.5806751645	-0.5806751645	0.6088457515
	-0.6088457515	0.5948518093	-0.5948518093	0.3220448967	-0.3220448967
	0.3220446864	-0.3220446864	0.3220444911	-0.3220444911	0.3220443133
	-0.3220443133	0.3220441548	-0.3220441548	0.3220440157	-0.3220440157
	0.3193560084	-0.3193560084	0.3166654421	-0.3166654421	0.8414784301
	-0.8414784301	0.8297576572	-0.8297576572	0.8176594611	-0.8176594611
	0.8051894794	-0.8051894794	0.7923533879	-0.7923533879	0.7791569553
	-0.7791569553	0.7664337717	-0.7664337717	0.7534026006	-0.7534026006
	0.3364361842	-0.3364361842	0.3364358347	-0.3364358347	0.3364354814
	-0.3364354814	0.3364351366	-0.3364351366	0.336434807	-0.336434807
	0.3364344959	-0.3364344959	0.3364317461	-0.3364317461	0.336429028
	-0.336429028	0.336426337	-0.336426337	0.3507420277	-0.3507420277
	0.3649665103	-0.3649665103	0.3791063418	-0.3791063418	0.393158232
	-0.393158232	0.4071188876	-0.4071188876	0.7400686194	-0.7400686194
	0.7282418711	-0.7282418711	0.7161940123	-0.7161940123	0.4297531854
	-0.4297531854	0.7039285279	-0.7039285279	0.6914490725	-0.6914490725
	0.6787597059	-0.6787597059	0.6582205612	-0.6582205612	0.452120355
	-0.452120355	0.5443390383	-0.5443390383	0.4742065768	-0.4742065768
	0.4885011091	-0.4885011091	0.5026653812	-0.5026653812	0.530588042
	-0.530588042	0.5166956025	-0.5166956025	0.6371821889	-0.6371821889
	0.6156601411	-0.6156601411	0.5589553406	-0.5589553406	0.5733999696
	-0.5733999696	0.5876684907	-0.5876684907	0.6017565958	-0.6017565958
	0.3364261077	-0.3364261077	0.3364258955	-0.3364258955	0.3364257006
	-0.3364257006	0.3364255236	-0.3364255236	0.3364253646	-0.3364253646
	0.3337515134	-0.3337515134	0.3310749941	-0.3310749941	0.3283958263
	-0.3283958263	0.841475887	-0.841475887	0.8297556758	-0.8297556758
	0.8176579834	-0.8176579834	0.8051884955	-0.8051884955	0.7923528934
	-0.7923528934	0.7799633697	-0.7799633697	0.7672605074	-0.7672605074
	0.7542493703	-0.7542493703	0.3507416824	-0.3507416824	0.3507413212
	-0.3507413212	0.3507409649	-0.3507409649	0.3507406298	-0.3507406298
	0.3507403208	-0.3507403208	0.350737583	-0.350737583	0.350734865
	-0.350734865	0.3507321667	-0.3507321667	0.3507294885	-0.3507294885
	0.3649661694	-0.3649661694	0.3791060027	-0.3791060027	0.3931578988
	-0.3931578988	0.4071185749	-0.4071185749	0.4297530371	-0.4297530371
	0.7409351327	-0.7409351327	0.7291252553	-0.7291252553	0.7170938632
	-0.7170938632	0.4521205554	-0.4521205554	0.704844377	-0.704844377
	0.6923806292	-0.6923806292	0.6721901354	-0.6721901354	0.6514888259
	-0.6514888259	0.4742072565	-0.4742072565	0.5515462866	-0.5515462866
	0.4959994338	-0.4959994338	0.5100940691	-0.5100940691	0.5240525839
	-0.5240525839	0.5378712107	-0.5378712107	0.6302928419	-0.6302928419
	0.6086175393	-0.6086175393	0.5660792456	-0.5660792456	0.5804384072
	-0.5804384072	0.594619308	-0.594619308	0.3507292582	-0.3507292582
	0.3507290462	-0.3507290462	0.3507288513	-0.3507288513	0.3507286734
	-0.3507286734	0.3480695976	-0.3480695976	0.3454077423	-0.3454077423
	0.342743128	-0.342743128	0.3400757759	-0.3400757759	0.8414738916
	-0.8414738916	0.82975398	-0.82975398	0.8176567175	-0.8176567175
	0.8051877985	-0.8051877985	0.7931375974	-0.7931375974	0.7807687874
	-0.7807687874	0.7680863399	-0.7680863399	0.755095385	-0.755095385
	0.3649657824	-0.3649657824	0.3649654	-0.3649654	0.3649650458
	-0.3649650458	0.3649647369	-0.3649647369	0.3649620203	-0.3649620203
	0.3649593115	-0.3649593115	0.3649566109	-0.3649566109	0.3649539255
	-0.3649539255	0.3649512608	-0.3649512608	0.3791056058	-0.3791056058
	0.3931575153	-0.3931575153	0.4071182347	-0.4071182347	0.4297528184
	-0.4297528184	0.452120588	-0.452120588	0.7418010891	-0.7418010891
	0.7300082193	-0.7300082193	0.7179931679	-0.7179931679	0.4742076834
	-0.4742076834	0.7057592599	-0.7057592599	0.685924196	-0.685924196
	0.6655675648	-0.6655675648	0.6447052913	-0.6447052913	0.4960004287
	-0.4960004287	0.5587134893	-0.5587134893	0.5174852612	-0.5174852612
	0.5313713037	-0.5313713037	0.5451152799	-0.5451152799	0.6233530939
	-0.6233530939	0.6015267224	-0.6015267224	0.573162225	-0.573162225
	0.5874348745	-0.5874348745	0.3649510321	-0.3649510321	0.3649508209
	-0.3649508209	0.3649506239	-0.3649506239	0.3623069385	-0.3623069385
	0.3596603619	-0.3596603619	0.3570109154	-0.3570109154	0.3543586198
	-0.3543586198	0.3517034971	-0.3517034971	0.8414720868	-0.8414720868
	0.8297523431	-0.8297523431	0.8176557185	-0.8176557185	0.8059504292
	-0.8059504292	0.7939213022	-0.7939213022	0.7815732262	-0.7815732262
	0.7689113048	-0.7689113048	0.7559407845	-0.7559407845	0.3791051541
	-0.3791051541	0.3791047464	-0.3791047464	0.3791044306	-0.3791044306
	0.3791017587	-0.3791017587	0.3790990715	-0.3790990715	0.3790963717
	-0.3790963717	0.3790936772	-0.3790936772	0.3790910032	-0.3790910032
	0.3790883574	-0.3790883574	0.3931570378	-0.3931570378	0.4071177935
	-0.4071177935	0.4297524604	-0.4297524604	0.4521203948	-0.4521203948
	0.4742077695	-0.4742077695	0.7426668778	-0.7426668778	0.73089115
	-0.73089115	0.7188915879	-0.7188915879	0.496000978	-0.496000978
	0.6994182085	-0.6994182085	0.6794133438	-0.6794133438	0.6588922381
	-0.6588922381	0.6378704663	-0.6378704663	0.517486602	-0.517486602
	0.5658405997	-0.5658405997	0.5386512823	-0.5386512823	0.5523201637
	-0.5523201637	0.6163639292	-0.6163639292	0.5943891011	-0.5943891011
	0.5802043269	-0.5802043269	0.3790881344	-0.3790881344	0.3790879199
	-0.3790879199	0.3764602336	-0.3764602336	0.3738295463	-0.3738295463
	0.3711958792	-0.3711958792	0.3685592521	-0.3685592521	0.3659196864
	-0.3659196864	0.3632772041	-0.3632772041	0.8414699808	-0.8414699808
	0.8297506584	-0.8297506584	0.8183960096	-0.8183960096	0.806712115
	-0.806712115	0.7947039605	-0.7947039605	0.7823766399	-0.7823766399
	0.7697354077	-0.7697354077	0.756785818	-0.756785818	0.3931564493
	-0.3931564493	0.3931560645	-0.3931560645	0.3931535184	-0.3931535184
	0.3931508754	-0.3931508754	0.3931481771	-0.3931481771	0.3931454673
	-0.3931454673	0.3931427754	-0.3931427754	0.3931401201	-0.3931401201
	0.3931375105	-0.3931375105	0.4071171797	-0.4071171797	0.4297519301
	-0.4297519301	0.4521199453	-0.4521199453	0.4742074526	-0.4742074526
	0.4960009168	-0.4960009168	0.7435337359	-0.7435337359	0.7317744377
	-0.7317744377	0.7126677321	-0.7126677321	0.5174870741	-0.5174870741
	0.6930213331	-0.6930213331	0.6728486181	-0.6728486181	0.6521646162
	-0.6521646162	0.6309850292	-0.6309850292	0.5386530276	-0.5386530276
	0.5729287249	-0.5729287249	0.5594861688	-0.5594861688	0.609326357
	-0.609326357	0.5872071893	-0.5872071893	0.3931372921	-0.3931372921
	0.3905262008	-0.3905262008	0.3879120084	-0.3879120084	0.3852947289
	-0.3852947289	0.3826743795	-0.3826743795	0.38005098	-0.38005098
	0.3774245522	-0.3774245522	0.3747951195	-0.3747951195	0.8414657752
	-0.8414657752	0.830468726	-0.830468726	0.8191355178	-0.8191355178
	0.8074726978	-0.8074726978	0.7954854378	-0.7954854378	0.783178895
	-0.783178895	0.7705585126	-0.7705585126	0.7576306886	-0.7576306886
	0.4071161277	-0.4071161277	0.4071140611	-0.4071140611	0.4071114904
	-0.4071114904	0.407108785	-0.407108785	0.4071060452	-0.4071060452
	0.4071033201	-0.4071033201	0.4071006387	-0.4071006387	0.4070980223
	-0.4070980223	0.4070955271	-0.4070955271	0.4297512515	-0.4297512515
	0.4521192614	-0.4521192614	0.4742067391	-0.4742067391	0.496000201
	-0.496000201	0.5174864161	-0.5174864161	0.7444079162	-0.7444079162
	0.725668332	-0.725668332	0.7063867803	-0.7063867803	0.5386526484
	-0.5386526484	0.6865694965	-0.6865694965	0.666230551	-0.666230551
	0.6453852367	-0.6453852367	0.6240496286	-0.6240496286	0.559487601
	-0.559487601	0.5799884289	-0.5799884289	0.602241375	-0.602241375
	0.4045015762	-0.4045015762	0.4019044792	-0.4019044792	0.3993041934
	-0.3993041934	0.3967007278	-0.3967007278	0.3940941013	-0.3940941013
	0.3914843344	-0.3914843344	0.3888714492	-0.3888714492	0.3862554744
	-0.3862554744	0.8414690741	-0.8414690741	0.8304694948	-0.8304694948
	0.8191358554	-0.8191358554	0.8074730024	-0.8074730024	0.795485911
	-0.795485911	0.7831797319	-0.7831797319	0.7705599281	-0.7705599281
	0.7576322111	-0.7576322111	0.421958462	-0.421958462	0.4219558005
	-0.4219558005	0.421953034	-0.421953034	0.4219502293	-0.4219502293
	0.421947443	-0.421947443	0.4219447125	-0.4219447125	0.4219420558
	-0.4219420558	0.4219394716	-0.4219394716	0.4195331939	-0.4195331939
	0.4444200547	-0.4444200547	0.4666058738	-0.4666058738	0.4885023136
	-0.4885023136	0.5100959984	-0.5100959984	0.5313738494	-0.5313738494
	0.7435344365	-0.7435344365	0.7317710207	-0.7317710207	0.7126668881
	-0.7126668881	0.6930218051	-0.6930218051	0.5523233071	-0.5523233071
	0.6728500297	-0.6728500297	0.6521667112	-0.6521667112	0.6309877003
	-0.6309877003	0.6093298474	-0.6093298474	0.5729325237	-0.5729325237
	0.5872115645	-0.5872115645	0.4169553238	-0.4169553238	0.4143741339
	-0.4143741339	0.411789641	-0.411789641	0.4092018658	-0.4092018658
	0.4066108303	-0.4066108303	0.4040165544	-0.4040165544	0.4014190554
	-0.4014190554	0.3976565086	-0.3976565086	0.8414700478	-0.8414700478
	0.8304698893	-0.8304698893	0.8191360019	-0.8191360019	0.8074730909
	-0.8074730909	0.7954860399	-0.7954860399	0.7831798292	-0.7831798292
	0.7705592368	-0.7705592368	0.7567867528	-0.7567867528	0.4366880261
	-0.4366880261	0.4366851246	-0.4366851246	0.4366822043	-0.4366822043
	0.4366793158	-0.4366793158	0.4366765066	-0.4366765066	0.4366738006
	-0.4366738006	0.4366711884	-0.4366711884	0.4342834438	-0.4342834438
	0.4318926618	-0.4318926618	0.4589704617	-0.4589704617	0.4809682089
	-0.4809682089	0.5026677641	-0.5026677641	0.5240558326	-0.5240558326
	0.5451193208	-0.5451193208	0.7426671942	-0.7426671942	0.7308893442
	-0.7308893442	0.7188896734	-0.7188896734	0.6994186036	-0.6994186036
	0.6794156897	-0.6794156897	0.5658451649	-0.5658451649	0.658896035
	-0.658896035	0.6378752399	-0.6378752399	0.6163694527	-0.6163694527
	0.5943945266	-0.5943945266	0.5802099528	-0.5802099528	0.4293312822
	-0.4293312822	0.4267664676	-0.4267664676	0.4241982464	-0.4241982464
	0.4216266458	-0.4216266458	0.4190516878	-0.4190516878	0.4164733872
	-0.4164733872	0.4127384022	-0.4127384022	0.4089964713	-0.4089964713
	0.841470349	-0.841470349	0.8304698836	-0.8304698836	0.8191357888
	-0.8191357888	0.807472743	-0.807472743	0.7954854986	-0.7954854986
	0.7831786863	-0.7831786863	0.7697355014	-0.7697355014	0.7559407524
	-0.7559407524	0.4513011668	-0.4513011668	0.4512980781	-0.4512980781
	0.451295031	-0.451295031	0.4512920957	-0.4512920957	0.4512893181
	-0.4512893181	0.4512866902	-0.4512866902	0.4489181165	-0.4489181165
	0.4465464137	-0.4465464137	0.4441715709	-0.4441715709	0.4733985516
	-0.4733985516	0.4952023646	-0.4952023646	0.516699215	-0.516699215
	0.5378757942	-0.5378757942	0.5587187724	-0.5587187724	0.7418008796
	-0.7418008796	0.7300072858	-0.7300072858	0.7179921893	-0.7179921893
	0.705759419	-0.705759419	0.6859270424	-0.6859270424	0.6655727441
	-0.6655727441	0.5731685453	-0.5731685453	0.6447118998	-0.6447118998
	0.6233602179	-0.6233602179	0.6015330259	-0.6015330259	0.5874417473
	-0.5874417473	0.4416271355	-0.4416271355	0.4390791629	-0.4390791629
	0.4365276917	-0.4365276917	0.4339727521	-0.4339727521	0.431414359
	-0.431414359	0.42770796	-0.42770796	0.4239943623	-0.4239943623
	0.4202736208	-0.4202736208	0.8414701791	-0.8414701791	0.8304694145
	-0.8304694145	0.8191350787	-0.8191350787	0.8074718162	-0.8074718162
	0.7954842057	-0.7954842057	0.7823756105	-0.7823756105	0.7689103008
	-0.7689103008	0.7550942401	-0.7550942401	0.4657939983	-0.4657939983
	0.4657907219	-0.4657907219	0.4657875804	-0.4657875804	0.4657846803
	-0.4657846803	0.4657820377	-0.4657820377	0.4634332982	-0.4634332982
	0.4610813307	-0.4610813307	0.4587260984	-0.4587260984	0.4563676113
	-0.4563676113	0.4877004152	-0.4877004152	0.5093044839	-0.5093044839
	0.5305928737	-0.5305928737	0.5515521303	-0.5515521303	0.740934057
	-0.740934057	0.5660862831	-0.5660862831	0.7291243658	-0.7291243658
	0.7170935791	-0.7170935791	0.704845412	-0.704845412	0.6923836073
	-0.6923836073	0.6721963684	-0.6721963684	0.6514972564	-0.6514972564
	0.5804463584	-0.5804463584	0.630301709	-0.630301709	0.6086250701
	-0.6086250701	0.594627538	-0.594627538	0.4538405726	-0.4538405726
	0.4513099106	-0.4513099106	0.4487756766	-0.4487756766	0.4462378926
	-0.4462378926	0.4425610998	-0.4425610998	0.4388768562	-0.4388768562
	0.4351852121	-0.4351852121	0.4314862252	-0.4314862252	0.8414694903
	-0.8414694903	0.8304683731	-0.8304683731	0.8191338	-0.8191338
	0.8074703795	-0.8074703795	0.7947017371	-0.7947017371	0.7815710156
	-0.7815710156	0.7680839849	-0.7680839849	0.7542468257	-0.7542468257
	0.4801625855	-0.4801625855	0.4801591055	-0.4801591055	0.4801559625
	-0.4801559625	0.4801532913	-0.4801532913	0.477825085	-0.477825085
	0.4754935359	-0.4754935359	0.4731585763	-0.4731585763	0.4708202116
	-0.4708202116	0.4684784784	-0.4684784784	0.5018721518	-0.5018721518
	0.5232708082	-0.5232708082	0.7400661235	-0.7400661235	0.5443451118
	-0.5443451118	0.558962864	-0.558962864	0.7282402475	-0.7282402475
	0.5734087883	-0.5734087883	0.7161937263	-0.7161937263	0.7039301291
	-0.7039301291	0.6914531095	-0.6914531095	0.678766428	-0.678766428
	0.6582308391	-0.6582308391	0.6371933664	-0.6371933664	0.5876782467
	-0.5876782467	0.6156694743	-0.6156694743	0.601766625	-0.601766625
	0.465969284	-0.465969284	0.463456417	-0.463456417	0.4609399336
	-0.4609399336	0.4572937673	-0.4572937673	0.4536398969	-0.4536398969
	0.4499783671	-0.4499783671	0.4463092354	-0.4463092354	0.4426325625
	-0.4426325625	0.8414681387	-0.8414681387	0.8304666276	-0.8304666276
	0.8191320785	-0.8191320785	0.8067087061	-0.8067087061	0.7939178413
	-0.7939178413	0.7807651361	-0.7807651361	0.7672565239	-0.7672565239
	0.7533981779	-0.7533981779	0.4944029213	-0.4944029213	0.4943992362
	-0.4943992362	0.4943964437	-0.4943964437	0.492089578	-0.492089578
	0.4897791774	-0.4897791774	0.4874651693	-0.4874651693	0.4851475854
	-0.4851475854	0.4828264632	-0.4828264632	0.4805018533	-0.4805018533
	0.5159098943	-0.5159098943	0.5370978065	-0.5370978065	0.7391965678
	-0.7391965678	0.727354648	-0.727354648	0.5517983527	-0.5517983527
	0.5663292228	-0.5663292228	0.715292584	-0.715292584	0.5806858488
	-0.5806858488	0.7030136565	-0.7030136565	0.6905214258	-0.6905214258
	0.6778196388	-0.6778196388	0.6649121585	-0.6649121585	0.6440346189
	-0.6440346189	0.6226653467	-0.6226653467	0.594863699	-0.594863699
	0.6088582978	-0.6088582978	0.4780109546	-0.4780109546	0.4755164361
	-0.4755164361	0.4719019334	-0.4719019334	0.4682794602	-0.4682794602
	0.4646490574	-0.4646490574	0.4610107902	-0.4610107902	0.457364724
	-0.457364724	0.4537109209	-0.4537109209	0.8414657478	-0.8414657478
	0.8304641268	-0.8304641268	0.818391507	-0.818391507	0.8059457612
	-0.8059457612	0.793132652	-0.793132652	0.7799580313	-0.7799580313
	0.7664278301	-0.7664278301	0.75254799	-0.75254799	0.5085106729
	-0.5085106729	0.5085071726	-0.5085071726	0.5062228802	-0.5062228802
	0.5039344454	-0.5039344454	0.501642079	-0.501642079	0.4993459359
	-0.4993459359	0.4970460885	-0.4970460885	0.4947425574	-0.4947425574
	0.492435334	-0.492435334	0.5298100665	-0.5298100665	0.7383243654
	-0.7383243654	0.5445928859	-0.5445928859	0.7264673552	-0.7264673552
	0.7143903367	-0.7143903367	0.5592079	-0.5592079	0.5736507338
	-0.5736507338	0.7020962684	-0.7020962684	0.5879169679	-0.5879169679
	0.6895888172	-0.6895888172	0.6768718336	-0.6768718336	0.663949227
	-0.663949227	0.65082494	-0.65082494	0.6296118624	-0.6296118624
	0.6159018942	-0.6159018942	0.6020021604	-0.6020021604	0.4899632943
	-0.4899632943	0.4863815909	-0.4863815909	0.4827915584	-0.4827915584
	0.4791932915	-0.4791932915	0.4755868887	-0.4755868887	0.4719724293
	-0.4719724293	0.4683499801	-0.4683499801	0.464719599	-0.464719599
	0.841460347	-0.841460347	0.8297453486	-0.8297453486	0.8176499188
	-0.8176499188	0.8051815522	-0.8051815522	0.7923462131	-0.7923462131
	0.7791497392	-0.7791497392	0.7655979269	-0.7655979269	0.7516961082
	-0.7516961082	0.5224795955	-0.5224795955	0.5202212198	-0.5202212198
	0.5179556304	-0.5179556304	0.5156855642	-0.5156855642	0.5134114986
	-0.5134114986	0.5111335765	-0.5111335765	0.5042759599	-0.5042759599
	0.5088518405	-0.5088518405	0.5065662126	-0.5065662126	0.5373465145
	-0.5373465145	0.7374458119	-0.7374458119	0.7255790129	-0.7255790129
	0.5520451405	-0.5520451405	0.7134878512	-0.7134878512	0.7011785394
	-0.7011785394	0.5665732789	-0.5665732789	0.5809268843	-0.5809268843
	0.6886556554	-0.6886556554	0.595101618	-0.595101618	0.6759233028
	-0.6759233028	0.6629854237	-0.6629854237	0.6498458377	-0.6498458377
	0.6365080539	-0.6365080539	0.6228968558	-0.6228968558	0.6090930874
	-0.6090930874	0.5007287834	-0.5007287834	0.4971722625	-0.4971722625
	0.4936071241	-0.4936071241	0.4900335695	-0.4900335695	0.4864517025
	-0.4864517025	0.4828615986	-0.4828615986	0.4792633197	-0.4792633197
	0.475656906	-0.475656906	0.8414631785	-0.8414631785	0.8297450447
	-0.8297450447	0.8176488453	-0.8176488453	0.805180131	-0.805180131
	0.7923446101	-0.7923446101	0.7791480565	-0.7791480565	0.7655962725
	-0.7655962725	0.7516952913	-0.7516952913	0.5349134782	-0.5349134782
	0.5326719121	-0.5326719121	0.5304260575	-0.5304260575	0.5281760685
	-0.5281760685	0.5259220886	-0.5259220886	0.5236641917	-0.5236641917
	0.5167820632	-0.5167820632	0.5191367413	-0.5191367413	0.5214024076
	-0.5214024076	0.5496392448	-0.5496392448	0.7374535817	-0.7374535817
	0.7255811178	-0.7255811178	0.5641956249	-0.5641956249	0.7134883199
	-0.7134883199	0.7011784419	-0.7011784419	0.5785782223	-0.5785782223
	0.5927826879	-0.5927826879	0.688655302	-0.688655302	0.6068046615
	-0.6068046615	0.675922796	-0.675922796	0.6629848331	-0.6629848331
	0.6498453624	-0.6498453624	0.6342838386	-0.6342838386	0.6206398047
	-0.6206398047	0.5132642304	-0.5132642304	0.5097376553	-0.5097376553
	0.506202394	-0.506202394	0.5026585424	-0.5026585424	0.4991061803
	-0.4991061803	0.4955453771	-0.4955453771	0.4919761971	-0.4919761971
	0.4865211622	-0.4865211622	0.8414631341	-0.8414631341	0.8297442661
	-0.8297442661	0.8176476663	-0.8176476663	0.8051787975	-0.8051787975
	0.792343336	-0.792343336	0.7791471127	-0.7791471127	0.7655962657
	-0.7655962657	0.7516970255	-0.7516970255	0.5472296403	-0.5472296403
	0.5450081733	-0.5450081733	0.5427827933	-0.5427827933	0.5405533857
	-0.5405533857	0.5383199708	-0.5383199708	0.5360825971	-0.5360825971
	0.5291781163	-0.5291781163	0.531511658	-0.531511658	0.5338413315
	-0.5338413315	0.5618137423	-0.5618137423	0.7374568499	-0.7374568499
	0.7255829971	-0.7255829971	0.5762250922	-0.5762250922	0.7134892186
	-0.7134892186	0.7011787892	-0.7011787892	0.590459131	-0.590459131
	0.6045114499	-0.6045114499	0.6886553393	-0.6886553393	0.6183777242
	-0.6183777242	0.6759226596	-0.6759226596	0.6629846308	-0.6629846308
	0.6476527032	-0.6476527032	0.6320537246	-0.6320537246	0.5256911042
	-0.5256911042	0.5221952756	-0.5221952756	0.5186906331	-0.5186906331
	0.5151772278	-0.5151772278	0.5116551198	-0.5116551198	0.5081243715
	-0.5081243715	0.502727371	-0.502727371	0.4973106992	-0.4973106992
	0.8414622833	-0.8414622833	0.8297431281	-0.8297431281	0.8176463833
	-0.8176463833	0.805177606	-0.805177606	0.7923425183	-0.7923425183
	0.7791470178	-0.7791470178	0.7655968742	-0.7655968742	0.7516985336
	-0.7516985336	0.5594276398	-0.5594276398	0.5572273651	-0.5572273651
	0.5550231293	-0.5550231293	0.5528148244	-0.5528148244	0.5506024616
	-0.5506024616	0.5483861079	-0.5483861079	0.5414619938	-0.5414619938
	0.5437740743	-0.5437740743	0.5460821389	-0.5460821389	0.5738675112
	-0.5738675112	0.737458725	-0.737458725	0.7255844378	-0.7255844378
	0.5881309548	-0.5881309548	0.7134901544	-0.7134901544	0.7011793372
	-0.7011793372	0.6022134622	-0.6022134622	0.6161106684	-0.6161106684
	0.688655624	-0.688655624	0.6298183304	-0.6298183304	0.6759227817
	-0.6759227817	0.6608250557	-0.6608250557	0.6454547897	-0.6454547897
	0.5380067131	-0.5380067131	0.5345424348	-0.5345424348	0.5310691732
	-0.5310691732	0.5275869646	-0.5275869646	0.5240958581	-0.5240958581
	0.5187587547	-0.5187587547	0.513401347	-0.513401347	0.5080238598
	-0.5080238598	0.8414610158	-0.8414610158	0.829741697	-0.829741697
	0.8176450037	-0.8176450037	0.8051766062	-0.8051766062	0.7923421864
	-0.7923421864	0.7791472197	-0.7791472197	0.7655976338	-0.7655976338
	0.7516997755	-0.7516997755	0.5715054128	-0.5715054128	0.5693269959
	-0.5693269959	0.5671444577	-0.5671444577	0.5649577345	-0.5649577345
	0.5627668901	-0.5627668901	0.5604892727	-0.5604892727	0.553631218
	-0.553631218	0.5559213838	-0.5559213838	0.5582074182	-0.5582074182
	0.585798142	-0.585798142	0.7374600855	-0.7374600855	0.7255856186
	-0.7255856186	0.5999107214	-0.5999107214	0.7134910563	-0.7134910563
	0.7011799759	-0.7011799759	0.6138387092	-0.6138387092	0.6275778379
	-0.6275778379	0.6886560578	-0.6886560578	0.6432516404	-0.6432516404
	0.6737970077	-0.6737970077	0.6586601296	-0.6586601296	0.550208454
	-0.550208454	0.5467765037	-0.5467765037	0.5433353832	-0.5433353832
	0.5398851198	-0.5398851198	0.5346097563	-0.5346097563	0.5293134693
	-0.5293134693	0.5239964768	-0.5239964768	0.5186589988	-0.5186589988
	0.8414593401	-0.8414593401	0.8297398781	-0.8297398781	0.8176435084
	-0.8176435084	0.8051758935	-0.8051758935	0.792342138	-0.792342138
	0.7791476319	-0.7791476319	0.7655984537	-0.7655984537	0.7517008821
	-0.7517008821	0.5834606089	-0.5834606089	0.5813045914	-0.5813045914
	0.5656832396	-0.5656832396	0.579144196	-0.579144196	0.5769794711
	-0.5769794711	0.5747288384	-0.5747288384	0.5724738586	-0.5724738586
	0.5679510205	-0.5679510205	0.5702145741	-0.5702145741	0.5976032243
	-0.5976032243	0.7374612609	-0.7374612609	0.7255866885	-0.7255866885
	0.6115619178	-0.6115619178	0.7134919373	-0.7134919373	0.7011806604
	-0.7011806604	0.6253323527	-0.6253323527	0.6410433069	-0.6410433069
	0.6865646913	-0.6865646913	0.6564898476	-0.6564898476	0.6716657142
	-0.6716657142	0.5622937472	-0.5622937472	0.5588948922	-0.5588948922
	0.5554866679	-0.5554866679	0.5502748762	-0.5502748762	0.5450415445
	-0.5450415445	0.5397868882	-0.5397868882	0.5345111288	-0.5345111288
	0.5292144828	-0.5292144828	0.841456947	-0.841456947	0.8297373753
	-0.8297373753	0.8176420647	-0.8176420647	0.8051756159	-0.8051756159
	0.7923423705	-0.7923423705	0.7791482284	-0.7791482284	0.765599335
	-0.765599335	0.7517019639	-0.7517019639	0.5952908742	-0.5952908742
	0.5931576945	-0.5931576945	0.5776154887	-0.5776154887	0.5798604338
	-0.5798604338	0.5910197201	-0.5910197201	0.5887966545	-0.5887966545
	0.5865691709	-0.5865691709	0.5843373028	-0.5843373028	0.582101054
	-0.582101054	0.6092803758	-0.6092803758	0.7374624306	-0.7374624306
	0.7255877493	-0.7255877493	0.6230820138	-0.6230820138	0.7134928161
	-0.7134928161	0.6991242798	-0.6991242798	0.638829851	-0.638829851
	0.6543142166	-0.6543142166	0.6844676273	-0.6844676273	0.6695288898
	-0.6695288898	0.5742600321	-0.5742600321	0.5708950497	-0.5708950497
	0.5657486694	-0.5657486694	0.5605801164	-0.5605801164	0.5553896153
	-0.5553896153	0.5501773973	-0.5501773973	0.5449436849	-0.5449436849
	0.5396886907	-0.5396886907	0.8414526655	-0.8414526655	0.8297339718
	-0.8297339718	0.8176415381	-0.8176415381	0.8051758214	-0.8051758214
	0.7923429142	-0.7923429142	0.7791489963	-0.7791489963	0.7656002871
	-0.7656002871	0.7517030949	-0.7517030949	0.6069940792	-0.6069940792
	0.5894253436	-0.5894253436	0.6048837667	-0.6048837667	0.5916470929
	-0.5916470929	0.5938643484	-0.5938643484	0.6026886372	-0.6026886372
	0.600489174	-0.600489174	0.5982853464	-0.5982853464	0.5960770876
	-0.5960770876	0.6208271769	-0.6208271769	0.737463785	-0.737463785
	0.7255888621	-0.7255888621	0.6366113383	-0.6366113383	0.7114720099
	-0.7114720099	0.6970620353	-0.6970620353	0.6521332245	-0.6521332245
	0.6673865157	-0.6673865157	0.6823648545	-0.6823648545	0.5861047874
	-0.5861047874	0.5810257397	-0.5810257397	0.5759237942	-0.5759237942
	0.5707992499	-0.5707992499	0.565652371	-0.565652371	0.5604833954
	-0.5604833954	0.5552925412	-0.5552925412	0.550080014	-0.550080014
	0.8414404747	-0.8414404747	0.8297335876	-0.8297335876	0.8176421529
	-0.8176421529	0.805176583	-0.805176583	0.7923437427	-0.7923437427
	0.7791499004	-0.7791499004	0.7656012862	-0.7656012862	0.7517042813
	-0.7517042813	0.6185692584	-0.6185692584	0.6011099162	-0.6011099162
	0.6033085293	-0.6033085293	0.61640089	-0.61640089	0.6055020123
	-0.6055020123	0.6076907537	-0.6076907537	0.6142297052	-0.6142297052
	0.6120544877	-0.6120544877	0.609874883	-0.609874883	0.6343877098
	-0.6343877098	0.7374658042	-0.7374658042	0.7236042226	-0.7236042226
	0.6499467765	-0.6499467765	0.7094451534	-0.7094451534	0.6949939178
	-0.6949939178	0.6652385466	-0.6652385466	0.680256357	-0.680256357
	0.5961007416	-0.5961007416	0.5910672597	-0.5910672597	0.5860104596
	-0.5860104596	0.5809306909	-0.5809306909	0.5758282253	-0.5758282253
	0.5707032959	-0.5707032959	0.5655561079	-0.5655561079	0.5603868566
	-0.5603868566	0.8414533102	-0.8414533102	0.8297378115	-0.8297378115
	0.8176443059	-0.8176443059	0.8051780839	-0.8051780839	0.792345008
	-0.792345008	0.7791510762	-0.7791510762	0.7656023939	-0.7656023939
	0.6080622621	-0.6080622621	0.7517051577	-0.7517051577	0.6327310458
	-0.6327310458	0.6176911406	-0.6176911406	0.6198538103	-0.6198538103
	0.6305965243	-0.6305965243	0.6220117953	-0.6220117953	0.6241650348
	-0.6241650348	0.6284573626	-0.6284573626	0.6263135457	-0.6263135457
	0.6483187315	-0.6483187315	0.7360183444	-0.7360183444	0.7221258993
	-0.7221258993	0.6636393198	-0.6636393198	0.7079358355	-0.7079358355
	0.6934540468	-0.6934540468	0.6786865055	-0.6786865055	0.6030850241
	-0.6030850241	0.5980839118	-0.5980839118	0.5930593194	-0.5930593194
	0.5880115509	-0.5880115509	0.5829408608	-0.5829408608	0.5778474578
	-0.5778474578	0.5727315242	-0.5727315242	0.5706076358	-0.5706076358
	0.841458305	-0.841458305	0.8297411069	-0.8297411069	0.8176465101
	-0.8176465101	0.8051797205	-0.8051797205	0.7923463561	-0.7923463561
	0.7791522576	-0.7791522576	0.7656034171	-0.7656034171	0.6149675705
	-0.6149675705	0.6245308635	-0.6245308635	0.7502927771	-0.7502927771
	0.6466873997	-0.6466873997	0.6340015771	-0.6340015771	0.6361280177
	-0.6361280177	0.6445852615	-0.6445852615	0.6382496267	-0.6382496267
	0.6403663718	-0.6403663718	0.6424782491	-0.6424782491	0.6620368514
	-0.6620368514	0.7345683613	-0.7345683613	0.720644367	-0.720644367
	0.6771134321	-0.6771134321	0.7064232548	-0.7064232548	0.6919109392
	-0.6919109392	0.610023222	-0.610023222	0.6050549053	-0.6050549053
	0.6000629315	-0.6000629315	0.595047588	-0.595047588	0.5900090981
	-0.5900090981	0.5849476295	-0.5849476295	0.5828461409	-0.5828461409
	0.5807407818	-0.5807407818	0.8414611726	-0.8414611726	0.8297434282
	-0.8297434282	0.8176483208	-0.8176483208	0.8051811953	-0.8051811953
	0.7923476357	-0.7923476357	0.6218257569	-0.6218257569	0.7791534195
	-0.7791534195	0.7642259238	-0.7642259238	0.6313228573	-0.6313228573
	0.6407263274	-0.6407263274	0.7488771182	-0.7488771182	0.6604312806
	-0.6604312806	0.650034707	-0.650034707	0.6521240676	-0.6521240676
	0.6583620007	-0.6583620007	0.6542083995	-0.6542083995	0.6562877077
	-0.6562877077	0.6755372121	-0.6755372121	0.7331153456	-0.7331153456
	0.7191597132	-0.7191597132	0.6903646703	-0.6903646703	0.7049075165
	-0.7049075165	0.6169147951	-0.6169147951	0.6119796893	-0.6119796893
	0.6070207671	-0.6070207671	0.6020382933	-0.6020382933	0.5970324242
	-0.5970324242	0.5949538115	-0.5949538115	0.592871248	-0.592871248
	0.5907847383	-0.5907847383	0.841463035	-0.841463035	0.8297450285
	-0.8297450285	0.81764969	-0.81764969	0.8051824285	-0.8051824285
	0.7923488114	-0.7923488114	0.6286363744	-0.6286363744	0.638066589
	-0.638066589	0.7778112597	-0.7778112597	0.7628450217	-0.7628450217
	0.6474021789	-0.6474021789	0.6566417068	-0.6566417068	0.7474582349
	-0.7474582349	0.6739578982	-0.6739578982	0.6657837297	-0.6657837297
	0.6678350808	-0.6678350808	0.6719221226	-0.6719221226	0.6698811958
	-0.6698811958	0.6888152916	-0.6888152916	0.7316592448	-0.7316592448
	0.7176719862	-0.7176719862	0.7033886836	-0.7033886836	0.6237591969
	-0.6237591969	0.6188577287	-0.6188577287	0.6139323322	-0.6139323322
	0.6089831823	-0.6089831823	0.6069279233	-0.6069279233	0.6048686323
	-0.6048686323	0.6028053079	-0.6028053079	0.6007379629	-0.6007379629
	0.8414641622	-0.8414641622	0.8297460021	-0.8297460021	0.817650634
	-0.817650634	0.8051834351	-0.8051834351	0.7910424526	-0.7910424526
	0.6353988835	-0.6353988835	0.6447615136	-0.6447615136	0.6540285579
	-0.6540285579	0.7764655805	-0.7764655805	0.7614607728	-0.7614607728
	0.6631985874	-0.6631985874	0.672270192	-0.672270192	0.7460361998
	-0.7460361998	0.6872628094	-0.6872628094	0.6812419443	-0.6812419443
	0.6832543246	-0.6832543246	0.6852612352	-0.6852612352	0.7018668007
	-0.7018668007	0.7302001583	-0.7302001583	0.7161812794	-0.7161812794
	0.6305558654	-0.6305558654	0.6256885274	-0.6256885274	0.6207971901
	-0.6207971901	0.6187657755	-0.6187657755	0.6167302385	-0.6167302385
	0.6146905711	-0.6146905711	0.6126467931	-0.6126467931	0.610598927
	-0.610598927	0.8414644965	-0.8414644965	0.8297462991	-0.8297462991
	0.6421126809	-0.6421126809	0.817651209	-0.817651209	0.8039133359
	-0.8039133359	0.7897324832	-0.7897324832	0.651407064	-0.651407064
	0.6606049019	-0.6606049019	0.6697047615	-0.6697047615	0.7751164233
	-0.7751164233	0.7600732248	-0.7600732248	0.6787052887	-0.6787052887
	0.6876051405	-0.6876051405	0.7446111406	-0.7446111406	0.7003418487
	-0.7003418487	0.6964029011	-0.6964029011	0.6983752423	-0.6983752423
	0.7146877448	-0.7146877448	0.7287383723	-0.7287383723	0.6373042342
	-0.6373042342	0.6324717162	-0.6324717162	0.6304646872	-0.6304646872
	0.6284534019	-0.6284534019	0.626437863	-0.626437863	0.6244181126
	-0.6244181126	0.6223941877	-0.6223941877	0.620366116	-0.620366116
	0.6487769923	-0.6487769923	0.8414634687	-0.8414634687	0.8297458239
	-0.8297458239	0.6580026576	-0.6580026576	0.8164178219	-0.8164178219
	0.8026396418	-0.8026396418	0.7884189559	-0.7884189559	0.6671306824
	-0.6671306824	0.676159676	-0.676159676	0.6850883873	-0.6850883873
	0.7737637734	-0.7737637734	0.7586823579	-0.7586823579	0.6939156087
	-0.6939156087	0.7026401733	-0.7026401733	0.7431832307	-0.7431832307
	0.713191478	-0.713191478	0.7112608171	-0.7112608171	0.7272747651
	-0.7272747651	0.6440038967	-0.6440038967	0.6420219957	-0.6420219957
	0.6400354966	-0.6400354966	0.6380445567	-0.6380445567	0.6360492869
	-0.6360492869	0.6340497512	-0.6340497512	0.6320459893	-0.6320459893
	0.63003803	-0.63003803	0.6553902381	-0.6553902381	0.664547793
	-0.664547793	0.8414580838	-0.8414580838	0.8285497382	-0.8285497382
	0.6736054827	-0.6736054827	0.8151812184	-0.8151812184	0.8013624821
	-0.8013624821	0.7871018417	-0.7871018417	0.6825628742	-0.6825628742
	0.6914189511	-0.6914189511	0.7001726086	-0.7001726086	0.7724074879
	-0.7724074879	0.7572879003	-0.7572879003	0.7088228643	-0.7088228643
	0.7173692219	-0.7173692219	0.741752346	-0.741752346	0.7258129873
	-0.7258129873	0.6534351099	-0.6534351099	0.651473961	-0.651473961
	0.649508073	-0.649508073	0.647537721	-0.647537721	0.6455630106
	-0.6455630106	0.6435839964	-0.6435839964	0.6416007106	-0.6416007106
	0.6396131836	-0.6396131836	0.6665797971	-0.6665797971	0.6756145364
	-0.6756145364	0.8414657073	-0.8414657073	0.8285525956	-0.8285525956
	0.6845491618	-0.6845491618	0.8151828439	-0.8151828439	0.8013636118
	-0.8013636118	0.7871026442	-0.7871026442	0.6933822034	-0.6933822034
	0.7021123851	-0.7021123851	0.7107384877	-0.7107384877	0.7724079616
	-0.7724079616	0.7572878295	-0.7572878295	0.7192593292	-0.7192593292
	0.7276737131	-0.7276737131	0.7417506203	-0.7417506203	0.6646482096
	-0.6646482096	0.662711982	-0.662711982	0.6607712261	-0.6607712261
	0.6588260364	-0.6588260364	0.6568764714	-0.6568764714	0.6549225604
	-0.6549225604	0.6529643104	-0.6529643104	0.6490901063	-0.6490901063
	0.6776193537	-0.6776193537	0.686530821	-0.686530821	0.8414692352
	-0.8414692352	0.828555036	-0.828555036	0.6953406034	-0.6953406034
	0.8151844796	-0.8151844796	0.8013646814	-0.8013646814	0.7871032171
	-0.7871032171	0.7040472824	-0.7040472824	0.7126495178	-0.7126495178
	0.7211460061	-0.7211460061	0.7724079627	-0.7724079627	0.7572869866
	-0.7572869866	0.7295354375	-0.7295354375	0.7435716879	-0.7435716879
	0.6757131818	-0.6757131818	0.6738025175	-0.6738025175	0.6718873851
	-0.6718873851	0.6699678316	-0.6699678316	0.6680438835	-0.6680438835
	0.6661155362	-0.6661155362	0.6623000692	-0.6623000692	0.6584673425
	-0.6584673425	0.6885076844	-0.6885076844	0.6972941507	-0.6972941507
	0.8414715148	-0.8414715148	0.8285569503	-0.8285569503	0.705977291
	-0.705977291	0.8151858985	-0.8151858985	0.801365591	-0.801365591
	0.7871035941	-0.7871035941	0.7145557404	-0.7145557404	0.7230281553
	-0.7230281553	0.7313932097	-0.7313932097	0.7724077403	-0.7724077403
	0.7590614938	-0.7590614938	0.7453880478	-0.7453880478	0.6866276211
	-0.6866276211	0.6847430624	-0.6847430624	0.6828540553	-0.6828540553
	0.6809606378	-0.6809606378	0.679062797	-0.679062797	0.6753072628
	-0.6753072628	0.6715341237	-0.6715341237	0.6677434521	-0.6677434521
	0.6992426116	-0.6992426116	0.7079021954	-0.7079021954	0.8414733275
	-0.8414733275	0.8285585773	-0.8285585773	0.7164568722	-0.7164568722
	0.8151871486	-0.8151871486	0.8013663675	-0.8013663675	0.7871038479
	-0.7871038479	0.7249052863	-0.7249052863	0.7332460949	-0.7332460949
	0.7471993257	-0.7471993257	0.774134008	-0.774134008	0.7608305937
	-0.7608305937	0.6973891358	-0.6973891358	0.695531173	-0.695531173
	0.6936688183	-0.6936688183	0.6918020766	-0.6918020766	0.6881076725
	-0.6881076725	0.6843953217	-0.6843953217	0.680665074	-0.680665074
	0.6769170106	-0.6769170106	0.7098217656	-0.7098217656	0.7183526062
	-0.7183526062	0.8414750615	-0.8414750615	0.8285601632	-0.8285601632
	0.7267770416	-0.7267770416	0.815188344	-0.815188344	0.8013670635
	-0.8013670635	0.7887807607	-0.7887807607	0.7350936691	-0.7350936691
	0.7490052003	-0.7490052003	0.7625941579	-0.7625941579	0.7758545963
	-0.7758545963	0.7079952858	-0.7079952858	0.706164446	-0.706164446
	0.7043293762	-0.7043293762	0.7006973207	-0.7006973207	0.6970469729
	-0.6970469729	0.6933783507	-0.6933783507	0.6896915305	-0.6896915305
	0.6859866091	-0.6859866091	0.7202426402	-0.7202426402	0.7286429842
	-0.7286429842	0.8414771115	-0.8414771115	0.8285619626	-0.8285619626
	0.7369355243	-0.7369355243	0.8151895701	-0.8151895701	0.8029936993
	-0.8029936993	0.790451844	-0.790451844	0.7508053682	-0.7508053682
	0.7643520204	-0.7643520204	0.7775694317	-0.7775694317	0.7184435581
	-0.7184435581	0.7166406447	-0.7166406447	0.713072248	-0.713072248
	0.7094851642	-0.7094851642	0.7058793791	-0.7058793791	0.7022549898
	-0.7022549898	0.698612111	-0.698612111	0.6949508546	-0.6949508546
	0.7305023149	-0.7305023149	0.7387708587	-0.7387708587	0.8414802744
	-0.8414802744	0.82856418	-0.82856418	0.7525994688	-0.7525994688
	0.8167651525	-0.8167651525	0.8046143615	-0.8046143615	0.7921170423
	-0.7921170423	0.7661040646	-0.7661040646	0.7792784685	-0.7792784685
	0.7287315006	-0.7287315006	0.725228478	-0.725228478	0.7217060483
	-0.7217060483	0.7038083704	-0.7038083704	0.7181643317	-0.7181643317
	0.7146035493	-0.7146035493	0.7110238733	-0.7110238733	0.7074254409
	-0.7074254409	0.7405956769	-0.7405956769	0.7543872878	-0.7543872878
	0.841487381	-0.841487381	0.830088075	-0.830088075	0.7678505075
	-0.7678505075	0.8183342526	-0.8183342526	0.8062288354	-0.8062288354
	0.7937763537	-0.7937763537	0.7809818477	-0.7809818477	0.7371620727
	-0.7371620727	0.733705932	-0.733705932	0.7302294993	-0.7302294993
	0.7125577963	-0.7125577963	0.7161301554	-0.7161301554	0.7267334615
	-0.7267334615	0.7232181145	-0.7232181145	0.7196836346	-0.7196836346
	0.754389058	-0.754389058	0.7678511113	-0.7678511113	0.8414817475
	-0.8414817475	0.8300868538	-0.8300868538	0.7809822707	-0.7809822707
	0.8183342549	-0.8183342549	0.806229189	-0.806229189	0.7937767747
	-0.7937767747	0.7510297873	-0.7510297873	0.7211977884	-0.7211977884
	0.7476507358	-0.7476507358	0.7442518786	-0.7442518786	0.7304604504
	-0.7304604504	0.7339374964	-0.7339374964	0.7408333137	-0.7408333137
	0.7373951511	-0.7373951511	0.767852467	-0.767852467	0.7809832122
	-0.7809832122	0.8414805462	-0.8414805462	0.8300865751	-0.8300865751
	0.7937775465	-0.7937775465	0.8183345885	-0.8183345885	0.8062298173
	-0.8062298173	0.764572961	-0.764572961	0.72972702	-0.72972702
	0.7388681358	-0.7388681358	0.7612734348	-0.7612734348	0.7579538681
	-0.7579538681	0.7478753736	-0.7478753736	0.7512547672	-0.7512547672
	0.7546142921	-0.7546142921	0.780984372	-0.780984372	0.7937786488
	-0.7937786488	0.8414809282	-0.8414809282	0.8300872978	-0.8300872978
	0.806230893	-0.806230893	0.8183355625	-0.8183355625	0.7777865294
	-0.7777865294	0.738144181	-0.738144181	0.7471623557	-0.7471623557
	0.7560451565	-0.7560451565	0.7745682641	-0.7745682641	0.7713295626
	-0.7713295626	0.7647909712	-0.7647909712	0.7680704449	-0.7680704449
	0.7937799251	-0.7937799251	0.8062323976	-0.8062323976	0.8414824283
	-0.8414824283	0.8300889866	-0.8300889866	0.8183372433	-0.8183372433
	0.7464479787	-0.7464479787	0.7906653143	-0.7906653143	0.7553418301
	-0.7553418301	0.7640988378	-0.7640988378	0.7727174269	-0.7727174269
	0.7875298128	-0.7875298128	0.7843733775	-0.7843733775	0.7811960347
	-0.7811960347	0.8062341845	-0.8062341845	0.8183396553	-0.8183396553
	0.8414851594	-0.8414851594	0.8300917999	-0.8300917999	0.754637138
	-0.754637138	0.7634052885	-0.7634052885	0.8032043034	-0.8032043034
	0.7720351544	-0.7720351544	0.7805252115	-0.7805252115	0.7888739482
	-0.7888739482	0.8001528937	-0.8001528937	0.79707985	-0.79707985
	0.7627104011	-0.7627104011	0.8183426718	-0.8183426718	0.8300961743
	-0.8300961743	0.8414898037	-0.8414898037	0.7713514633	-0.7713514633
	0.7798528335	-0.7798528335	0.8153989922	-0.8153989922	0.7882130515
	-0.7882130515	0.7964306799	-0.7964306799	0.8045043016	-0.8045043016
	0.8124324829	-0.8124324829	0.770666528	-0.770666528	0.7791790808
	-0.7791790808	0.8301025842	-0.8301025842	0.8414988459	-0.8414988459
	0.7875505813	-0.7875505813	0.7957796279	-0.7957796279	0.8272459823
	-0.8272459823	0.8038648733	-0.8038648733	0.811805067	-0.811805067
	0.8195990959	-0.8195990959	0.7785042971	-0.7785042971	0.7868868436
	-0.7868868436	0.7951270828	-0.7951270828	0.8415246634	-0.8415246634
	0.8032235702	-0.8032235702	0.8111750248	-0.8111750248	0.8341519689
	-0.8341519689	0.8189803866	-0.8189803866	0.8266390874	-0.8266390874
	0.7868846918	-0.7868846918	0.7951247687	-0.7951247687	0.8032208793
	-0.8032208793	0.8414970782	-0.8414970782	0.8111716841	-0.8111716841
	0.8189759046	-0.8189759046	0.8341398943	-0.8341398943	0.8266323514
	-0.8266323514	0.7951224196	-0.7951224196	0.8032182774	-0.8032182774
	0.8111685941	-0.8111685941	0.8414872782	-0.8414872782	0.8189720227
	-0.8189720227	0.8266272198	-0.8266272198	0.8341328124	-0.8341328124
	0.8032159868	-0.8032159868	0.8111659773	-0.8111659773	0.8189688995
	-0.8189688995	0.8414814329	-0.8414814329	0.8266233834	-0.8266233834
	0.8341280414	-0.8341280414	0.8111639261	-0.8111639261	0.8189664928
	-0.8189664928	0.8266205152	-0.8266205152	0.841477407	-0.841477407
	0.8341246165	-0.8341246165	0.8189647964	-0.8189647964	0.8266184634
	-0.8266184634	0.8341221628	-0.8341221628	0.8414745296	-0.8414745296
	0.8266171834	-0.8266171834	0.834120538	-0.834120538	0.8414725486
	-0.8414725486	0.8341196996	-0.8341196996	0.8414713749	-0.8414713749
	0.8414709848	-0.8414709848	