3001	
	-0.8414709848	-0.8341196996	-0.8266171834	-0.8189647964	-0.8111639261
	-0.8032159868	-0.7951224196	-0.7868846918	-0.7785042971	-0.770666528
	-0.7125577963	-0.7627104011	-0.754637138	-0.7464479787	-0.7211977884
	-0.72972702	-0.738144181	-0.5603868566	-0.475656906	-0.4865211622
	-0.4973106992	-0.5080238598	-0.5186589988	-0.5292144828	-0.5396886907
	-0.550080014	-1.239244975e-32	-0.8414709848	-0.8341197009	-0.8266171886
	-0.8189648099	-0.8111639534	-0.8032160348	-0.7951224962	-0.7868848053
	-0.7038083704	-0.7781500609	-0.7703069219	-0.7208068033	-0.7623454829
	-0.7542669608	-0.7460725866	-0.7293412599	-0.7377636028	-0.5706076358
	-0.5727303194	-0.464719599	-0.5588890076	-0.484943043	-0.4957436227
	-0.5064678897	-0.5171142645	-0.5276811565	-0.5381669713	-0.5485701164
	-0.01239244975	-0.01239244975	-0.8414709848	-0.8341197056	-0.8266172035
	-0.8189648415	-0.8111640098	-0.6949508546	-0.8032161252	-0.7951226301
	-0.7865365464	-0.7121619084	-0.7777956633	-0.7699471665	-0.7289551618
	-0.7619804204	-0.753896631	-0.7456970111	-0.7373827793	-0.5807407818
	-0.5828447931	-0.5849450746	-0.5712480384	-0.4537109209	-0.474068117
	-0.5573900866	-0.4941750692	-0.5049106671	-0.515568416	-0.5261467815
	-0.5366442224	-0.5470591801	-0.02478299628	-0.0247830156	-0.02478299628
	-0.8414709848	-0.8341197162	-0.8266172325	-0.8189648983	-0.811164105
	-0.6859866091	-0.7034075352	-0.8032162702	-0.7947804026	-0.7861881257
	-0.7204159	-0.7774411232	-0.769587282	-0.7370016902	-0.7616152323
	-0.753526159	-0.7453212466	-0.5907847383	-0.5928698408	-0.5949509791
	-0.5970282676	-0.5834785899	-0.5697646505	-0.4426325625	-0.463120219
	-0.4833636339	-0.5558901258	-0.5033520049	-0.5140213702	-0.5246113335
	-0.5351204429	-0.5455472164	-0.03716973667	-0.03716977483	-0.03716977581
	-0.03716973667	-0.8414709848	-0.8341197348	-0.8266172805	-0.6769170106
	-0.8189649881	-0.8111642501	-0.694545077	-0.7117658594	-0.8028801255
	-0.794438013	-0.7858395704	-0.7285692208	-0.7770864763	-0.7692273129
	-0.7449452838	-0.7612499664	-0.7531555787	-0.6007379629	-0.6028039491
	-0.6048657366	-0.606923379	-0.6089770334	-0.5955778474	-0.5820110726
	-0.5682802345	-0.4314862252	-0.4521011064	-0.4724776787	-0.492605198
	-0.5543891532	-0.5124729701	-0.5230748343	-0.5335956971	-0.5440342726
	-0.04955076858	-0.04955082462	-0.04955084585	-0.04955082856	-0.04955076858
	-0.8414709848	-0.8341197643	-0.8266173535	-0.6677434521	-0.6855759162
	-0.8189651203	-0.8108342352	-0.7030064148	-0.7200246892	-0.8025438144
	-0.7940954922	-0.7854909281	-0.736620759	-0.7767317951	-0.7688673575
	-0.7527849046	-0.7608847213	-0.610598927	-0.6126455868	-0.6146878518
	-0.616725708	-0.6187591634	-0.6207884173	-0.6075429929	-0.5941265893
	-0.5805425606	-0.5667947929	-0.4202736208	-0.4410125291	-0.4615189994
	-0.4817823037	-0.5017918832	-0.5528872692	-0.5215372346	-0.5320702151
	-0.5425205508	-0.06192419054	-0.06192426322	-0.06192430387	-0.06192430901
	-0.06192427287	-0.06192419054	-0.8414709848	-0.6584673425	-0.8341198077
	-0.8266174582	-0.6765014405	-0.6941389411	-0.8186412786	-0.8105040436
	-0.7113694623	-0.7281828911	-0.8022073652	-0.7937528895	-0.785142291
	-0.7445694301	-0.7763772436	-0.7685076477	-0.760519632	-0.620366116
	-0.6223932159	-0.6244157785	-0.6264337521	-0.6284470276	-0.6304554604
	-0.6324591659	-0.6193712095	-0.6061085028	-0.5926743778	-0.5790729406
	-0.5653083965	-0.4089964713	-0.4298562323	-0.4504893916	-0.4708851964
	-0.4910330912	-0.5109228097	-0.5513848796	-0.5305444221	-0.54100673
	-0.07428810227	-0.07428819059	-0.07428824863	-0.07428827591	-0.07428826525
	-0.0742882086	-0.07428810227	-0.8414709848	-0.6490901063	-0.6673230495
	-0.8341198689	-0.8262998307	-0.6851648153	-0.702604906	-0.818317243
	-0.8101736929	-0.7196330648	-0.7362393377	-0.8018708113	-0.7934102827
	-0.7847938578	-0.7524141798	-0.7760233014	-0.7681488576	-0.63003803
	-0.632045308	-0.6340479484	-0.6360459016	-0.6380390321	-0.6400270502
	-0.6420093501	-0.6439849968	-0.6310597492	-0.6179542446	-0.6046730613
	-0.5912208681	-0.5776021286	-0.5638214234	-0.3976565086	-0.4186339587
	-0.4393906316	-0.4599157312	-0.480198636	-0.5002290161	-0.519997131
	-0.5498835534	-0.5394951896	-0.08664060493	-0.08664070954	-0.08664078092
	-0.08664082836	-0.08664084425	-0.08664081674	-0.08664073612	-0.08664060493
	-0.6396131836	-0.8414709848	-0.6580421603	-0.6760854225	-0.8338084972
	-0.825981988	-0.693732382	-0.7109726399	-0.8179930162	-0.8098431855
	-0.7277960691	-0.7441928958	-0.8015341654	-0.7930677531	-0.7844461166
	-0.7601539587	-0.7756730051	-0.6416003611	-0.6435828105	-0.6455605263
	-0.647533405	-0.6495012101	-0.6514633844	-0.6534182246	-0.09897980144
	-0.1113037968	-0.1236106982	-0.1358986156	-0.148165662	-0.1604099532
	-0.6553575752	-0.6426063922	-0.6296615089	-0.1726296089	-0.6165361177
	-0.6032359768	-0.5897657423	-0.5761301116	-0.1848227523	-0.1969875109
	-0.2091220164	-0.2212244052	-0.2332928187	-0.2453254034	-0.2573203113
	-0.2692757003	-0.2811897342	-0.2930605834	-0.3048864248	-0.3862554744
	-0.3166654421	-0.3283958263	-0.3747951195	-0.3632772041	-0.3517034971
	-0.3400757759	-0.5623349602	-0.4073474549	-0.4282244765	-0.4488757132
	-0.4692904518	-0.489458221	-0.5093689713	-0.5290138377	-0.5483936629
	-0.09897992829	-0.09898000471	-0.09898006744	-0.09898010916	-0.09898011436
	-0.09898006644	-0.09897995486	-0.09897980144	-0.6529639868	-0.8414709848
	-0.6711154122	-0.6888735333	-0.8338085975	-0.825982208	-0.7062278391
	-0.7231680798	-0.817993375	-0.8098437072	-0.7396843157	-0.7557669865
	-0.8015348734	-0.7930685864	-0.7844463262	-0.7714068985	-0.6549214883
	-0.656874223	-0.6588220904	-0.6607649064	-0.6627023366	-0.6646338494
	-0.6665596082	-0.1143824256	-0.1113039906	-0.1266846993	-0.1389675336
	-0.1512290376	-0.1634673287	-0.1756805267	-0.6645283171	-0.6518973765
	-0.6390813848	-0.1878667543	-0.6260837916	-0.6129090352	-0.5995614662
	-0.5860454834	-0.2000241417	-0.2091221396	-0.2212244928	-0.2332928803
	-0.2453254399	-0.2573203197	-0.269275675	-0.2811896678	-0.2930604661
	-0.4014193143	-0.3075877147	-0.3193557314	-0.3888714829	-0.331074702
	-0.3427428375	-0.3774244314	-0.3659194731	-0.3543583535	-0.5723656619
	-0.4223579616	-0.4430738574	-0.4635562237	-0.4837945093	-0.503778485
	-0.5234985159	-0.5429467475	-0.5579778017	-0.1113040523	-0.1113041205
	-0.1113041784	-0.1113042047	-0.1113041761	-0.1113040718	-0.1113038825
	-0.1113037968	-0.6661148217	-0.8414709848	-0.6839833137	-0.7014509194
	-0.8338087028	-0.8259824122	-0.7185072511	-0.7351422023	-0.817993656
	-0.8098440022	-0.7513459654	-0.7671089174	-0.8015350002	-0.7930680475
	-0.7802570631	-0.668042188	-0.6699647037	-0.6718822694	-0.673794777
	-0.6757022717	-0.6776056911	-0.6756000234	-0.1297575262	-0.1266848549
	-0.123611006	-0.1420351499	-0.1542909817	-0.1665231422	-0.1787297544
	-0.1909089402	-0.6735916554	-0.6610922599	-0.6484071658	-0.2030588234
	-0.6355388878	-0.6224911295	-0.6092678634	-0.5958731146	-0.2121508782
	-0.2212246166	-0.2332929769	-0.2453255143	-0.2573203731	-0.269275705
	-0.2811896691	-0.2930604328	-0.3075876547	-0.4164737341	-0.4040165554
	-0.3220434884	-0.333750936	-0.3914841309	-0.3454071405	-0.3570103271
	-0.3800505757	-0.3685587258	-0.5817736258	-0.4372534143	-0.4578025334
	-0.4781104498	-0.4981667894	-0.5179614516	-0.5374843689	-0.5525818138
	-0.5674963688	-0.1236110784	-0.1236111554	-0.1236112083	-0.1236112069
	-0.123611119	-0.1236109193	-0.1236108361	-0.1236106982	-0.6790618794
	-0.8414709848	-0.6966420598	-0.7138138061	-0.8338087822	-0.8259825274
	-0.7305668488	-0.746891211	-0.8179937318	-0.8098439044	-0.7627771775
	-0.776032926	-0.8015345163	-0.788953903	-0.6809586556	-0.6828505802
	-0.684737665	-0.6866200889	-0.6884984905	-0.6865203796	-0.684538378
	-0.1451014375	-0.142035289	-0.1389678234	-0.1358990466	-0.1573514688
	-0.1695773659	-0.1817772619	-0.193949282	-0.2060915432	-0.6825521659
	-0.6701886369	-0.6576369028	-0.2151775749	-0.6448998127	-0.631980832
	-0.6188836701	-0.6050862696	-0.2242450225	-0.2332931021	-0.2453256197
	-0.2573204622	-0.2692757795	-0.2811897267	-0.2930604675	-0.3075876644
	-0.4314146631	-0.3220434654	-0.4190515491	-0.4066103997	-0.3364245282
	-0.3480686843	-0.394093501	-0.359659419	-0.371194971	-0.3826735812
	-0.5911046438	-0.4520296833	-0.4724063774	-0.4925342673	-0.5124030681
	-0.532002214	-0.5471632454	-0.562144673	-0.5769423806	-0.1358991464
	-0.1358992323	-0.1358992684	-0.13589921	-0.1358990132	-0.1358989249
	-0.1358987877	-0.1358986156	-0.6918013983	-0.8414709848	-0.7090879173
	-0.7259584642	-0.8338088083	-0.8259825139	-0.7424028918	-0.7584113937
	-0.8179935969	-0.8098435631	-0.7717741195	-0.7848041233	-0.7974957363
	-0.6936672291	-0.6955283342	-0.6973848615	-0.6992371243	-0.6972872155
	-0.6953328021	-0.6933738939	-0.1604104789	-0.1573516037	-0.1542912763
	-0.1512294932	-0.1481662597	-0.172629976	-0.1848230168	-0.1969877437
	-0.2091222695	-0.2182021984	-0.6914102246	-0.6791851323	-0.6667689949
	-0.227263278	-0.6541650533	-0.6413767321	-0.6278935095	-0.6142190672
	-0.2363047219	-0.2453257494	-0.257320577	-0.2692758858	-0.2811898279
	-0.29306056	-0.3075877454	-0.3220435211	-0.4462379631	-0.4339723122
	-0.3364245369	-0.4216258663	-0.4092008755	-0.3507274779	-0.3623056336
	-0.396699625	-0.3738282128	-0.3852934622	-0.6003574895	-0.4666826091
	-0.4868812245	-0.506823515	-0.5264989634	-0.5417225683	-0.55676922
	-0.571634045	-0.5863128268	-0.1481663853	-0.1481664707	-0.1481664608
	-0.1481662796	-0.1481661773	-0.1481660285	-0.1481658529	-0.148165662
	-0.704329706	-0.8414709848	-0.7213172122	-0.7378811979	-0.8338087799
	-0.8259824088	-0.7540116586	-0.7674807482	-0.8179933821	-0.8058807774
	-0.7806190496	-0.7934208969	-0.7061643082	-0.7079943309	-0.7098198149
	-0.7078984911	-0.7059723377	-0.7040414831	-0.7021058589	-0.1756809623
	-0.1726301152	-0.1695776864	-0.1665236505	-0.1634680089	-0.1604107778
	-0.1878669901	-0.2000242796	-0.212150958	-0.221224711	-0.2302793497
	-0.7001652575	-0.6880805779	-0.6758020199	-0.2393140828	-0.6633331679
	-0.6501755647	-0.6368199867	-0.6232703575	-0.2483281282	-0.2573207121
	-0.2692760084	-0.2811899547	-0.2930606957	-0.3075878903	-0.3220436607
	-0.4609394575	-0.3364246467	-0.4487746854	-0.4365263785	-0.3507275186
	-0.4241967362	-0.4117880158	-0.3649489899	-0.3764584518	-0.3993025183
	-0.3879102175	-0.6095307521	-0.4812079694	-0.5012229118	-0.5209741741
	-0.5362597706	-0.5513706245	-0.5663016105	-0.5810480878	-0.5956056517
	-0.1604109235	-0.1604109895	-0.1604108476	-0.1604107139	-0.1604105379
	-0.1604103468	-0.1604101502	-0.1604099532	-0.7166431878	-0.8414709848
	-0.7333263446	-0.7495782505	-0.8338087268	-0.8259822962	-0.7631529958
	-0.7763988993	-0.8141073065	-0.8018815574	-0.7893102833	-0.7184462708
	-0.7202445949	-0.7183521065	-0.7164546246	-0.7145523481	-0.7126453053
	-0.7107334355	-0.1909091809	-0.1878671452	-0.18482339	-0.1817778557
	-0.1787305493	-0.1756814984	-0.1726307344	-0.2030588306	-0.2151775407
	-0.224245062	-0.2332931995	-0.2423211551	-0.708816563	-0.6968738296
	-0.6847346068	-0.2513281458	-0.6719135003	-0.6588880615	-0.6456619716
	-0.6322389794	-0.2603133959	-0.269276141	-0.2811900791	-0.2930608498
	-0.4755148754	-0.3075880835	-0.3220438767	-0.3364248629	-0.463454478
	-0.3507276998	-0.4513077967	-0.4390769644	-0.3649490697	-0.4267642169
	-0.4143718401	-0.3790857086	-0.3905238167	-0.4019021652	-0.6186230248
	-0.495601444	-0.5154276166	-0.5307748301	-0.5459491896	-0.5609455416
	-0.57575906	-0.5903850564	-0.6048189133	-0.172630911	-0.1726308691
	-0.1726306621	-0.1726304349	-0.172630216	-0.1726300059	-0.1726298034
	-0.1726296089	-0.7287384285	-0.8414709848	-0.7451117756	-0.758791133
	-0.8338086921	-0.8221736672	-0.7721438719	-0.7851641142	-0.8101844306
	-0.797846138	-0.7305096664	-0.7286459511	-0.7267773697	-0.7249040508
	-0.723025989	-0.7211432131	-0.7192558204	-0.2060913519	-0.2030590328
	-0.20002475	-0.1969884647	-0.1939502252	-0.1909100847	-0.1878680972
	-0.184824317	-0.218201871	-0.2272631762	-0.2363047825	-0.245325906
	-0.2543257793	-0.7173638726	-0.7055636493	-0.6930891169	-0.2633036298
	-0.6804044823	-0.667513077	-0.6544183673	-0.6411238666	-0.2722586807
	-0.2811901668	-0.2930609685	-0.3075882994	-0.4899595851	-0.4780074244
	-0.3220441531	-0.3364251732	-0.3507280193	-0.4659660055	-0.3649493592
	-0.4538374873	-0.4416241695	-0.3790858607	-0.4293283519	-0.4169523302
	-0.3931342052	-0.404498448	-0.627633047	-0.5098588863	-0.5252677764
	-0.5405051245	-0.5555661579	-0.5704460929	-0.5851401078	-0.5996432327
	-0.6139501123	-0.1848245486	-0.1848241504	-0.1848238371	-0.184823579
	-0.1848233501	-0.1848231388	-0.1848229404	-0.1848227523	-0.7406141374
	-0.8414709848	-0.754395463	-0.767854136	-0.8300782547	-0.8183278792
	-0.7809825681	-0.7937747174	-0.8062249562	-0.7387778258	-0.7369382417
	-0.7350942348	-0.7332455041	-0.7313920346	-0.7295340424	-0.7276722442
	-0.2212233545	-0.2182022141	-0.2151781807	-0.2121518554	-0.2091233922
	-0.2060928724	-0.2030603735	-0.2000260218	-0.1969902403	-0.2302789496
	-0.2393140655	-0.2483283079	-0.257320999	-0.2662913913	-0.7258089836
	-0.7136854755	-0.7013511331	-0.2752387105	-0.6888049144	-0.6760494788
	-0.6630881202	-0.6499241575	-0.2841621528	-0.5042666362	-0.293060819
	-0.3075885065	-0.3220444722	-0.492429278	-0.4804970624	-0.3364255587
	-0.3507284502	-0.3649498212	-0.4684743418	-0.379086341	-0.4563638704
	-0.4441680533	-0.3931346097	-0.4318891843	-0.4195294496	-0.4070906464
	-0.6365602163	-0.5197388054	-0.5350386694	-0.5501637146	-0.5651094267
	-0.5798709922	-0.5944434064	-0.6088209851	-0.6229941824	-0.1969892768
	-0.1969888514	-0.1969885535	-0.1969883056	-0.1969880847	-0.1969878819
	-0.1969876927	-0.1969875109	-0.7543944636	-0.8414709848	-0.7678537753
	-0.7809822869	-0.83007811	-0.8183276545	-0.7937744349	-0.8062246866
	-0.7526035519	-0.7508074034	-0.7490060836	-0.7471996167	-0.7453880071
	-0.7435711696	-0.7417486025	-0.2302791133	-0.2272637154	-0.2242459108
	-0.2212258177	-0.2182035216	-0.2151790936	-0.2121526134	-0.2091241823
	-0.2091240129	-0.239314097	-0.2483283794	-0.25732113	-0.266291583
	-0.2752389733	-0.7272705453	-0.715180595	-0.7028740505	-0.2841625293
	-0.6903540891	-0.6776240277	-0.6646872993	-0.6515472903	-0.2930614754
	-0.5065591254	-0.3075912739	-0.3220472962	-0.3364284541	-0.494736569
	-0.4828213724	-0.3507314051	-0.3649528257	-0.3790894065	-0.4708157632
	-0.3931378442	-0.4587220975	-0.4465426848	-0.4070948408	-0.4342798007
	-0.4219357214	-0.6382074847	-0.5220027912	-0.5372765516	-0.5523753278
	-0.5672942676	-0.5820285055	-0.5965731239	-0.6247018887	-0.610923173
	-0.2091236082	-0.2091232915	-0.209123028	-0.2091227966	-0.2091225875
	-0.2091223962	-0.2091222201	-0.2091220164	-0.7678532851	-0.8414709848
	-0.7809819654	-0.7937741783	-0.8300780133	-0.8183274875	-0.8062244704
	-0.7661058641	-0.764352924	-0.7625944774	-0.7608304823	-0.7590608166
	-0.7572852346	-0.7431801058	-0.2393144576	-0.2363055503	-0.23329428
	-0.2302806766	-0.2272647961	-0.2242467017	-0.2212264505	-0.2212264052
	-0.2212261667	-0.2483285979	-0.2573213197	-0.2662917906	-0.2752392208
	-0.2841628348	-0.7287345097	-0.716673146	-0.7043937857	-0.2930618615
	-0.6919000639	-0.6791955526	-0.6662839127	-0.6531691688	-0.3075917216
	-0.5088453399	-0.3220501914	-0.3364314048	-0.3507344318	-0.4970402247
	-0.4851424306	-0.3649559213	-0.3790925645	-0.393141088	-0.4731540361
	-0.4070982583	-0.4610772631	-0.4489143664	-0.4219389787	-0.4366676259
	-0.6398798891	-0.5242632542	-0.5395110645	-0.5545835246	-0.569475668
	-0.5841826482	-0.6263985512	-0.5986997524	-0.6126424877	-0.2212258821
	-0.2212256192	-0.221225382	-0.2212251675	-0.2212249732	-0.221224797
	-0.2212245896	-0.2212244052	-0.7809817351	-0.8414709848	-0.7937739625
	-0.806224287	-0.8300779381	-0.8183273508	-0.779278142	-0.7775688144
	-0.775853724	-0.7741328112	-0.7724059953	-0.7586804608	-0.7446086113
	-0.2483289652	-0.2453269423	-0.2423224938	-0.2393156352	-0.2363064158
	-0.2332948911	-0.233294853	-0.2332947003	-0.2332944643	-0.257321612
	-0.2662920518	-0.2752394831	-0.2841631201	-0.2930621869	-0.7301967397
	-0.7181629804	-0.7059105319	-0.3075921159	-0.6934430871	-0.6807643781
	-0.6678783659	-0.6548120662	-0.3220506394	-0.5111271825	-0.3364343893
	-0.3507375099	-0.3649590953	-0.4993401579	-0.4874600783	-0.3790958116
	-0.393144387	-0.4071015996	-0.4754890682	-0.421942286	-0.4634293165
	-0.451283051	-0.4366707263	-0.6415480888	-0.5265199542	-0.541741993
	-0.5567881547	-0.6280902457	-0.5716534785	-0.5863331631	-0.6143578327
	-0.6004373833	-0.2332942168	-0.2332939797	-0.2332937612	-0.2332935637
	-0.2332933863	-0.2332931774	-0.2332929887	-0.2332928187	-0.7937737869
	-0.8414709848	-0.806224121	-0.8183272257	-0.8300778711	-0.792114616
	-0.7904495453	-0.7887785529	-0.7871016163	-0.7737631981	-0.76007209
	-0.7460342988	-0.2573219646	-0.2543271289	-0.2513297673	-0.2483298992
	-0.2453275847	-0.2453275315	-0.2453274029	-0.2453272062	-0.2453269714
	-0.266292374	-0.2752397836	-0.284163415	-0.2930624931	-0.3075924633
	-0.7316563303	-0.719649952	-0.7074243644	-0.3220510466	-0.6949832914
	-0.6823305895	-0.669492508	-0.6564517425	-0.3364348821	-0.5134051301
	-0.3507405943	-0.3649623268	-0.3790991588	-0.5016364295	-0.4897742763
	-0.3931477904	-0.4071050134	-0.4219456687	-0.4778208195	-0.4366740005
	-0.4657782222	-0.4512861392	-0.6432123035	-0.5287728838	-0.5439692312
	-0.5589890953	-0.6297780318	-0.6160694597	-0.5738275378	-0.5880899576
	-0.6021720119	-0.2453267371	-0.2453265144	-0.2453263128	-0.2453261345
	-0.2453259261	-0.2453257358	-0.2453255617	-0.2453254034	-0.8062239339
	-0.8414709848	-0.8183270874	-0.8300777992	-0.8046098806	-0.8029898111
	-0.8013637217	-0.7884198094	-0.7751167415	-0.7614604187	-0.7474570202
	-0.2662927245	-0.2633053483	-0.260315314	-0.2573226731	-0.2573225917
	-0.2573224559	-0.2573222722	-0.2573220512	-0.2573218116	-0.2752401268
	-0.2841637389	-0.2930628038	-0.3075927785	-0.3220513943	-0.7331130259
	-0.721134008	-0.7089353046	-0.3364352997	-0.6965206623	-0.6839157665
	-0.6711035356	-0.6580879123	-0.3507411437	-0.515679294	-0.3649655479
	-0.3791026033	-0.3931513462	-0.5039290562	-0.4920850174	-0.4071085689
	-0.421949177	-0.4366774284	-0.4801492851	-0.4512894378	-0.4657813299
	-0.6448727765	-0.5310220335	-0.5461927195	-0.561186258	-0.6314620882
	-0.6177775522	-0.6039034694	-0.5756035078	-0.5898440258	-0.2573215808
	-0.2573213706	-0.2573211913	-0.2573209873	-0.2573207985	-0.2573206221
	-0.2573204592	-0.2573203113	-0.8183269007	-0.8414709848	-0.8300777048
	-0.8167586834	-0.8151843533	-0.8026420965	-0.7897343128	-0.776466787
	-0.7628455003	-0.7488766787	-0.2752405086	-0.2722608363	-0.269278332
	-0.2692781942	-0.2692780273	-0.2692778361	-0.2692776183	-0.269277378
	-0.269277125	-0.2841641151	-0.2930631448	-0.3075930807	-0.3220516876
	-0.3364356209	-0.7345667549	-0.7226151331	-0.7104433	-0.3507415488
	-0.698076433	-0.6854978058	-0.6727112461	-0.6597205489	-0.3649661514
	-0.5179496275	-0.379106059	-0.393155122	-0.4071123552	-0.5062180079
	-0.494392331	-0.4219528553	-0.4366810147	-0.4512929341	-0.480152419
	-0.4657846967	-0.6465295155	-0.5332673709	-0.5484124376	-0.5629811695
	-0.6331421634	-0.6194820485	-0.6056317205	-0.5915952492	-0.5773769353
	-0.2692768932	-0.2692767081	-0.2692765176	-0.2692763349	-0.2692761583
	-0.2692759912	-0.2692758372	-0.2692757003	-0.8300775601	-0.8414709848
	-0.8285558731	-0.8164221642	-0.8039167322	-0.7910452082	-0.7778134005
	-0.7642273276	-0.7502932303	-0.2841646197	-0.281192796	-0.2811925133
	-0.2811922839	-0.2811920684	-0.2811918439	-0.2811916022	-0.2811913394
	-0.281191049	-0.2930635838	-0.3075933978	-0.3220519436	-0.3364358576
	-0.3507418002	-0.7360175547	-0.7240932967	-0.7119691375	-0.3649664801
	-0.699629015	-0.6870766101	-0.6743156052	-0.6613496514	-0.3791066684
	-0.5202158691	-0.3931591409	-0.4071166277	-0.4219567688	-0.5085032742
	-0.4943955248	-0.4366847562	-0.4512965988	-0.4657883047	-0.4801559248
	-0.6481823001	-0.5355088887	-0.5502259361	-0.5647737776	-0.6348171131
	-0.6211826037	-0.6073567271	-0.5933436384	-0.5791478299	-0.2811908294
	-0.2811906794	-0.2811905104	-0.2811903355	-0.2811901646	-0.2811900037
	-0.2811898578	-0.2811897342	-0.8414709848	-0.8297523957	-0.8176561666
	-0.8051876738	-0.7923525429	-0.7791565998	-0.7656058782	-0.7517066492
	-0.2930645272	-0.2930637241	-0.2930633906	-0.2930631388	-0.2930629003
	-0.2930626553	-0.2930623938	-0.2930620972	-0.2930616522	-0.3075937652
	-0.3220521741	-0.3364360335	-0.350741943	-0.3649665917	-0.7374657734
	-0.7255885588	-0.7134917005	-0.3791067549	-0.7011783957	-0.6886521987
	-0.67591669	-0.662975321	-0.393159428	-0.522477019	-0.4071226624
	-0.4219610132	-0.4366886181	-0.5085068043	-0.4943993448	-0.4513003754
	-0.4657920789	-0.4801597261	-0.6498308351	-0.6364809278	-0.5373407213
	-0.5520375964	-0.5665642001	-0.622878697	-0.6090786791	-0.59508937
	-0.5809162902	-0.2930616463	-0.293061499	-0.2930613265	-0.2930611517
	-0.293060983	-0.2930608262	-0.2930606875	-0.2930605834	-0.8414709848
	-0.8297524233	-0.8176561465	-0.8051876144	-0.7923524855	-0.7791566127
	-0.7656060457	-0.7517070276	-0.3075938005	-0.3075934829	-0.3075932099
	-0.3075929556	-0.3075927028	-0.3075924434	-0.3075921699	-0.3075918762
	-0.3075891941	-0.3220522679	-0.3364360935	-0.3507419548	-0.3649665283
	-0.3791065279	-0.7383344097	-0.7264743969	-0.7143939561	-0.3931587148
	-0.7020966212	-0.6895859433	-0.6768654646	-0.6639386395	-0.407119877
	-0.5298058016	-0.4297535052	-0.4444210358	-0.4589701819	-0.5159060136
	-0.5018688566	-0.4733971177	-0.4876979602	-0.6508089494	-0.6295967178
	-0.5445866743	-0.5592000274	-0.5736413078	-0.6158876879	-0.6019895855
	-0.5879059963	-0.3075890286	-0.3075888499	-0.3075886674	-0.3075884884
	-0.3075883178	-0.3075881593	-0.3075880143	-0.3048864248	-0.8414709848
	-0.8297524225	-0.817656134	-0.8051876163	-0.7923525501	-0.7791567958
	-0.7656063693	-0.7525558567	-0.3220521479	-0.3220518997	-0.3220516425
	-0.3220513838	-0.3220511238	-0.3220508622	-0.3220506023	-0.3220478977
	-0.3220452314	-0.3364360322	-0.350741887	-0.3649664184	-0.3791063286
	-0.3931583277	-0.739202665	-0.7273594245	-0.7152953665	-0.4071191169
	-0.7030140147	-0.6905189357	-0.6778138336	-0.664902854	-0.429753359
	-0.5370928855	-0.4521202292	-0.4666058957	-0.4809671816	-0.5232668224
	-0.5093014061	-0.4952002811	-0.6440223726	-0.6226552573	-0.551791909
	-0.5663213435	-0.5806766748	-0.6088476165	-0.5948534984	-0.3220450327
	-0.3220448369	-0.3220446452	-0.3220444604	-0.3220442844	-0.3220441177
	-0.3193560642	-0.3166654421	-0.8414709848	-0.8297524256	-0.8176561602
	-0.8051877045	-0.7923527476	-0.7791571389	-0.7664345275	-0.7534038087
	-0.3364358549	-0.3364356036	-0.3364353395	-0.3364350746	-0.336434815
	-0.3364345636	-0.3364318645	-0.3364291857	-0.3364265226	-0.3507417337
	-0.3649662606	-0.3791061449	-0.3931580955	-0.4071188191	-0.7400701898
	-0.7282437072	-0.7161960599	-0.429753301	-0.7039307369	-0.6914513966
	-0.6787621024	-0.658222903	-0.4521206679	-0.5443401457	-0.4742070982
	-0.4885017394	-0.5026661254	-0.530589026	-0.516696465	-0.6371844195
	-0.6156622153	-0.5589566476	-0.5734014709	-0.5876701831	-0.6017584784
	-0.3364263093	-0.3364261026	-0.3364259027	-0.3364257105	-0.3364255264
	-0.3337516303	-0.331075057	-0.3283958263	-0.8414709848	-0.8297524489
	-0.817656244	-0.8051878945	-0.7923530904	-0.7799641082	-0.7672616904
	-0.7542509305	-0.3507415084	-0.3507412348	-0.3507409572	-0.3507406916
	-0.3507404422	-0.3507377557	-0.3507350779	-0.3507324088	-0.3507297486
	-0.3649660391	-0.3791059243	-0.3931578802	-0.4071186233	-0.4297532641
	-0.7409370099	-0.7291273728	-0.7170961731	-0.4521209744	-0.7048468324
	-0.6923831849	-0.6721926565	-0.6514912525	-0.4742078794	-0.5515475816
	-0.4960002698	-0.5100950177	-0.5240536473	-0.5378723901	-0.630295125
	-0.6086196414	-0.5660807421	-0.5804401039	-0.5946212059	-0.3507295253
	-0.35072931	-0.3507291019	-0.3507289009	-0.3480697814	-0.3454078734
	-0.3427431978	-0.3400757759	-0.8414709848	-0.8297525022	-0.8176563985
	-0.8051882018	-0.7931384309	-0.780770004	-0.7680879197	-0.7550972982
	-0.3649657597	-0.3649654549	-0.3649651695	-0.3649649202	-0.3649622551
	-0.3649595872	-0.3649569169	-0.3649542509	-0.364951595	-0.3791056352
	-0.3931576045	-0.407118391	-0.4297531484	-0.4521211062	-0.7418032912
	-0.7300106432	-0.7179957671	-0.4742084022	-0.7057619873	-0.6859269075
	-0.6655701967	-0.6447077908	-0.4960013584	-0.5587149823	-0.5174864094
	-0.5313725676	-0.5451166594	-0.62335542	-0.6015288447	-0.5731639246
	-0.5874367832	-0.3649513644	-0.3649511416	-0.3649509233	-0.3623071949
	-0.3596605666	-0.3570110599	-0.3543586961	-0.3517034971	-0.8414709848
	-0.8297525933	-0.8176566369	-0.8059515091	-0.7939226182	-0.7815748532
	-0.7689132663	-0.7559430626	-0.3791052795	-0.3791049399	-0.3791046835
	-0.3791020633	-0.3790994177	-0.379096749	-0.3790940753	-0.3790914113
	-0.3790887651	-0.3931572238	-0.4071180473	-0.4297528842	-0.4521210038
	-0.4742085772	-0.7426694285	-0.7308939071	-0.7188945018	-0.4960019958
	-0.6994211242	-0.6794161934	-0.6588949649	-0.6378730254	-0.517487839
	-0.5658422986	-0.5386527451	-0.552321746	-0.6163662869	-0.5943912342
	-0.58020624	-0.3790885317	-0.3790882974	-0.3764605685	-0.3738298301
	-0.3711961036	-0.3685594094	-0.3659197687	-0.3632772041	-0.8414709848
	-0.8297527323	-0.8183975341	-0.8067135865	-0.794705646	-0.7823786494
	-0.7697377621	-0.7567884877	-0.3931567201	-0.3931563945	-0.3931539003
	-0.3931512994	-0.3931486331	-0.393145945	-0.3931432645	-0.3931406101
	-0.3931379912	-0.4071175198	-0.4297524374	-0.4521206357	-0.4742083407
	-0.4960020153	-0.743536665	-0.7317775553	-0.712670869	-0.5174883938
	-0.6930244162	-0.6728515863	-0.6521674206	-0.6309876327	-0.5386545771
	-0.5729306345	-0.5594879539	-0.6093287334	-0.5872093223	-0.3931377542
	-0.3905266203	-0.3879123769	-0.3852950386	-0.3826746226	-0.3800511491
	-0.3774246401	-0.3747951195	-0.8414709848	-0.830470869	-0.8191371364
	-0.8074744086	-0.7954874663	-0.7831813093	-0.7705612979	-0.7576337879
	-0.407116542	-0.4071145275	-0.4071119995	-0.4071093268	-0.4071066098
	-0.4071038971	-0.407101218	-0.4070985936	-0.4070960802	-0.4297518308
	-0.4521200225	-0.4742076975	-0.4960013708	-0.5174878099	-0.7444112572
	-0.7256717098	-0.7063901157	-0.538654277	-0.6865727234	-0.6662336162
	-0.6453880996	-0.62405226	-0.5594894728	-0.5799905495	-0.6022437561
	-0.4045020865	-0.4019049386	-0.3993045938	-0.3967010619	-0.3940943617
	-0.3914845145	-0.3888715424	-0.3862554744	-0.8414709848	-0.8304710156
	-0.8191374837	-0.8074750051	-0.7954883809	-0.783182655	-0.770563234
	-0.7576358087	-0.4219590285	-0.4219564099	-0.4219536766	-0.4219508953
	-0.4219481223	-0.4219453949	-0.4219427311	-0.4219401297	-0.4195338071
	-0.4444207964	-0.4666068073	-0.4885034545	-0.5100973611	-0.5313754467
	-0.7435381706	-0.7317746596	-0.7126704687	-0.6930252601	-0.5523251504
	-0.6728533059	-0.6521697687	-0.6309905111	-0.6093323939	-0.5729346221
	-0.5872138381	-0.4169558847	-0.4143746349	-0.4117900747	-0.4092022252
	-0.4066111088	-0.4040167459	-0.401419154	-0.3976565086	-0.8414709848
	-0.8304711836	-0.8191378366	-0.8074755455	-0.7954890811	-0.7831833535
	-0.7705631195	-0.7567908063	-0.4366887436	-0.436685876	-0.4366829798
	-0.4366801054	-0.4366773002	-0.4366745879	-0.4366719592	-0.4342841691
	-0.4318933318	-0.4589713651	-0.480969315	-0.5026690887	-0.5240573905
	-0.5451211257	-0.7426713285	-0.7308933396	-0.7188935199	-0.6994223037
	-0.6794191907	-0.5658472288	-0.6588992977	-0.6378782376	-0.6163721696
	-0.5943969558	-0.5802121981	-0.4293318907	-0.4267670075	-0.4241987107
	-0.4216270282	-0.4190519825	-0.4164735887	-0.4127385049	-0.4089964713
	-0.8414709848	-0.8304713397	-0.8191381144	-0.8074758668	-0.7954892564
	-0.7831828908	-0.7697399136	-0.7559452662	-0.4513020346	-0.4512989709
	-0.4512959389	-0.4512930085	-0.4512902254	-0.4512875818	-0.4489189618
	-0.4465472028	-0.4441722945	-0.4733996167	-0.495203644	-0.5167007251
	-0.5378775506	-0.5587207899	-0.7418054115	-0.7300116335	-0.7179963469
	-0.7057633821	-0.6859307823	-0.6655762228	-0.5731707488	-0.6447150923
	-0.6233631103	-0.6015356134	-0.5874441413	-0.4416277885	-0.4390797386
	-0.4365281839	-0.4339731551	-0.4314146679	-0.4277081691	-0.4239944684
	-0.4202736208	-0.8414709848	-0.8304714453	-0.8191382317	-0.807475836
	-0.7954887894	-0.7823804341	-0.7689152407	-0.7550992069	-0.4657950163
	-0.4657917561	-0.4657886206	-0.4657857159	-0.4657830583	-0.4634342715
	-0.4610822468	-0.4587269475	-0.4563683847	-0.4877016425	-0.5093059381
	-0.5305945721	-0.5515540896	-0.7409389754	-0.5660884314	-0.7291290541
	-0.7170980356	-0.7048496364	-0.6923876007	-0.6722000741	-0.6515006514
	-0.5804487019	-0.6303047819	-0.6086278187	-0.594630082	-0.4538412664
	-0.4513105187	-0.4487761936	-0.4462383136	-0.4425614193	-0.4388770714
	-0.4351853208	-0.4314862252	-0.8414709848	-0.8304714672	-0.8191381412
	-0.807475449	-0.7947070492	-0.781576439	-0.7680894365	-0.7542522305
	-0.4801637538	-0.4801602811	-0.4801571347	-0.4801544493	-0.4778261948
	-0.4754945871	-0.473159559	-0.4708211166	-0.4684792973	-0.5018735422
	-0.5232724392	-0.7400714105	-0.5443470017	-0.5589649444	-0.7282452579
	-0.5734110668	-0.7161984626	-0.7039345955	-0.6914573115	-0.6787703719
	-0.6582344445	-0.6371966248	-0.5876807304	-0.6156723865	-0.6017693203
	-0.4659700145	-0.4634570536	-0.4609404717	-0.4572942014	-0.4536402248
	-0.449978587	-0.4463093459	-0.4426325625	-0.8414709848	-0.8304713954
	-0.8191378659	-0.8067146276	-0.7939238177	-0.7807711265	-0.7672624672
	-0.7534040009	-0.4944042405	-0.4944005534	-0.4943977477	-0.492090833
	-0.4897803724	-0.4874662941	-0.4851486303	-0.4828274194	-0.4805027131
	-0.5159114492	-0.5370996166	-0.7392021984	-0.7273599541	-0.5518003531
	-0.5663314224	-0.7152975735	-0.5806882564	-0.7030183387	-0.690525811
	-0.6778237376	-0.6649159818	-0.6440380673	-0.6226684248	-0.5948663228
	-0.6088611454	-0.4780117172	-0.4755170968	-0.4719024868	-0.4682799045
	-0.4646493913	-0.4610110131	-0.4573648355	-0.4537109209	-0.8414709848
	-0.8304712514	-0.818398229	-0.805952365	-0.7931392321	-0.7799645649
	-0.7664342465	-0.7525542062	-0.5085121435	-0.5085086315	-0.5062242893
	-0.5039357933	-0.5016433546	-0.4993471293	-0.4970471902	-0.4947435594
	-0.4924362293	-0.5298117872	-0.7383303054	-0.5445947953	-0.726472922
	-0.7143955447	-0.5592100081	-0.5736530506	-0.7021011327	-0.5879195032
	-0.6895933534	-0.6768760571	-0.6639531529	-0.6508285827	-0.6296151083
	-0.6159048946	-0.6020049237	-0.4899640836	-0.4863822687	-0.4827921233
	-0.4791937427	-0.4755872261	-0.4719726533	-0.4683500915	-0.464719599
	-0.8414709848	-0.8297530857	-0.8176571848	-0.8051887487	-0.7923533792
	-0.779156807	-0.7656047965	-0.7517026826	-0.5224812186	-0.5202227924
	-0.5179571405	-0.5156870003	-0.5134128496	-0.5111348328	-0.5042768846
	-0.5088529931	-0.5065672543	-0.5373483231	-0.7374520132	-0.7255847948
	-0.5520471456	-0.7134932339	-0.7011835443	-0.5665754916	-0.5809293156
	-0.6886603037	-0.5951042789	-0.675927615	-0.6629894192	-0.6498495346
	-0.6365114696	-0.6229000089	-0.609095989	-0.5007295913	-0.4971729526
	-0.4936076961	-0.4900340239	-0.4864520403	-0.4828618215	-0.4792634299
	-0.475656906	-0.8414709848	-0.8297528434	-0.81765671	-0.8051880567
	-0.7923524965	-0.779155762	-0.7656036595	-0.7517022533	-0.5349152383
	-0.5326736108	-0.5304276821	-0.528177607	-0.5259235301	-0.5236655265
	-0.5167830522	-0.5191378392	-0.5214036274	-0.5496412019	-0.7374599868
	-0.7255870605	-0.5641977908	-0.7134938299	-0.7011835474	-0.578580609
	-0.5927853077	-0.6886600295	-0.606807527	-0.6759271699	-0.6629888761
	-0.6498490954	-0.6342872331	-0.6206429283	-0.5132650956	-0.5097383964
	-0.5062030117	-0.5026590381	-0.4991065565	-0.4955456366	-0.4919763436
	-0.4865211622	-0.8414709848	-0.8297526342	-0.8176563341	-0.8051875722
	-0.7923519971	-0.7791554471	-0.7656041119	-0.7517042157	-0.5472315387
	-0.5450099982	-0.5427845314	-0.5405550248	-0.5383215	-0.536084007
	-0.5291791677	-0.5315128263	-0.5338426141	-0.5618158495	-0.7374634117
	-0.7255890584	-0.5762274212	-0.7134948176	-0.7011839606	-0.5904616951
	-0.604514263	-0.6886601144	-0.6183808004	-0.6759270669	-0.6629886958
	-0.6476563983	-0.6320570784	-0.5256920242	-0.5221960648	-0.5186912934
	-0.5151777618	-0.5116555311	-0.5081246645	-0.5027275126	-0.4973106992
	-0.8414709848	-0.8297524843	-0.8176561085	-0.8051873714	-0.7923519835
	-0.7791559186	-0.7656049846	-0.7517058922	-0.559429677	-0.5572293155
	-0.5550249792	-0.5528165615	-0.5506040748	-0.5483875883	-0.5414631049
	-0.5437753109	-0.5460834991	-0.5738697698	-0.7374653871	-0.725590568
	-0.588133449	-0.7134957986	-0.7011845356	-0.6022162069	-0.6161136792
	-0.6886604124	-0.6298216235	-0.6759271916	-0.6608290608	-0.6454584239
	-0.5380076846	-0.5345432685	-0.531069872	-0.5275875325	-0.5240963002
	-0.5187590369	-0.5134014816	-0.5080238598	-0.8414709848	-0.8297524129
	-0.8176560613	-0.8051874696	-0.7923523922	-0.7791564369	-0.7656059253
	-0.7517072272	-0.571507589	-0.5693290708	-0.5671464171	-0.5649595658
	-0.5627685828	-0.5604908388	-0.553632385	-0.5559226857	-0.5582088536
	-0.5858005528	-0.737466783	-0.7255917618	-0.5999133826	-0.7134966973
	-0.7011851595	-0.6138416375	-0.6275810509	-0.6886608227	-0.643255191
	-0.6738013294	-0.6586640483	-0.5502094727	-0.546777377	-0.5433361154
	-0.5398857162	-0.534610181	-0.5293137364	-0.5239966021	-0.5186589988
	-0.8414709848	-0.8297524263	-0.8176561852	-0.8051878089	-0.7923527381
	-0.7791570396	-0.7656068185	-0.7517083388	-0.5834629236	-0.5813067887
	-0.5656844577	-0.5791462614	-0.5769813921	-0.5747306263	-0.5724755081
	-0.5679523837	-0.5702160816	-0.5976057876	-0.7374679225	-0.725592785
	-0.6115647471	-0.7134975245	-0.7011857854	-0.625335467	-0.6410467523
	-0.6865693323	-0.6564936547	-0.6716699181	-0.5622948077	-0.5588957992
	-0.5554874269	-0.5502754482	-0.5450419452	-0.5397871355	-0.5345112421
	-0.5292144828	-0.8414709848	-0.8297525181	-0.8176564476	-0.8051880449
	-0.7923531502	-0.7791576595	-0.7656076483	-0.7517093314	-0.5952933262
	-0.5931600115	-0.5776167521	-0.5798618532	-0.5910218872	-0.5887986818
	-0.586571052	-0.5843390328	-0.5821026296	-0.609283091	-0.7374689832
	-0.7255937385	-0.6230850117	-0.7134982982	-0.6991292361	-0.6388331711
	-0.6543178888	-0.6844721118	-0.6695329483	-0.5742611275	-0.5708959829
	-0.5657493968	-0.560580655	-0.5553899847	-0.5501776196	-0.5449437836
	-0.5396886907	-0.8414709848	-0.829752683	-0.817656599	-0.8051883311
	-0.7923535894	-0.779158265	-0.7656084215	-0.7517102809	-0.6069966663
	-0.5894266447	-0.6048861992	-0.5916485624	-0.593865987	-0.6026909236
	-0.6004913061	-0.5982873181	-0.5960788942	-0.6208300425	-0.7374701585
	-0.7255946857	-0.6366145144	-0.7114772682	-0.6970667882	-0.6521367401
	-0.6673904037	-0.6823691531	-0.5861059098	-0.5810266345	-0.5759244789
	-0.5707997454	-0.5656527011	-0.5604835868	-0.5552926221	-0.550080014
	-0.8414709848	-0.8297527656	-0.8176567958	-0.8051886454	-0.7923540302
	-0.7791588358	-0.7656091278	-0.7517112037	-0.6185719774	-0.6011112458
	-0.6033100414	-0.6164034567	-0.6055037078	-0.6076926319	-0.6142321099
	-0.6120567224	-0.6098769416	-0.6343907254	-0.7374719354	-0.7236097562
	-0.6499501163	-0.7094501525	-0.6949984371	-0.6652422419	-0.6802604438
	-0.5961018196	-0.5910681026	-0.586011089	-0.5809311323	-0.5758285074
	-0.57070345	-0.5655561676	-0.5603868566	-0.8414709848	-0.8297528107
	-0.8176569469	-0.8051889205	-0.7923544306	-0.7791593434	-0.7656096846
	-0.608063484	-0.7517116046	-0.6327338559	-0.6176925619	-0.6198554344
	-0.6305991513	-0.6220136244	-0.6241670689	-0.6284597978	-0.6263157826
	-0.6483218451	-0.7360240436	-0.7221310516	-0.6636427657	-0.7079404946
	-0.6934582607	-0.6786903166	-0.6030859892	-0.5980846423	-0.5930598418
	-0.5880118957	-0.5829410619	-0.5778475517	-0.5727315494	-0.5706076358
	-0.8414709848	-0.8297528856	-0.8176571134	-0.8051891828	-0.792354778
	-0.779159742	-0.7656100583	-0.6149686675	-0.6245321537	-0.7502986672
	-0.6466902609	-0.6340030813	-0.6361297493	-0.6445879058	-0.6382515885
	-0.6403685641	-0.6424806696	-0.6620400178	-0.7345735777	-0.7206490902
	-0.6771169334	-0.7064275304	-0.6919148088	-0.6100240604	-0.6050555126
	-0.6000633397	-0.5950478331	-0.5900092194	-0.5849476691	-0.5828461444
	-0.5807407818	-0.8414709848	-0.8297529661	-0.8176572769	-0.8051894269
	-0.7923550914	-0.6218267123	-0.7791601028	-0.7642318929	-0.6313239969
	-0.6407276738	-0.7488824208	-0.6604341433	-0.6500362846	-0.6521259011
	-0.6583646105	-0.6542104921	-0.65629006	-0.6755403758	-0.7331200432
	-0.7191639713	-0.6903681645	-0.7049113744	-0.6169154933	-0.6119801637
	-0.6070210553	-0.6020384372	-0.597032469	-0.5949538057	-0.5928712264
	-0.5907847383	-0.8414709848	-0.829753045	-0.8176574341	-0.8051896603
	-0.7923553994	-0.6286371719	-0.6380675586	-0.7778171956	-0.762850314
	-0.647403345	-0.6566430958	-0.747462928	-0.6739607029	-0.6657853698
	-0.6678370096	-0.6719246366	-0.6698834169	-0.6888183862	-0.731663396
	-0.7176757509	-0.7033920971	-0.6237597422	-0.6188580611	-0.6139324958
	-0.6089832252	-0.6069278974	-0.6048685743	-0.6028052575	-0.6007379629
	-0.8414709848	-0.8297531208	-0.8176575845	-0.805189887	-0.791048291
	-0.6353995072	-0.6447622938	-0.6540295208	-0.7764707831	-0.7614653761
	-0.6631997618	-0.6722716083	-0.7460402613	-0.6872654865	-0.6812436349
	-0.6832563414	-0.6852635819	-0.7018697493	-0.7302037393	-0.7161845281
	-0.6305562457	-0.6256887103	-0.6207972263	-0.6187657209	-0.6167301314
	-0.6146904533	-0.6126467099	-0.610598927	-0.8414709848	-0.829753192
	-0.6421131153	-0.8176577238	-0.8039191384	-0.7897375708	-0.6514076355
	-0.6606056387	-0.6697056945	-0.7751208688	-0.7600771113	-0.6787064509
	-0.6876065672	-0.744614545	-0.700344318	-0.6964046293	-0.6983773393
	-0.7146904597	-0.7287413619	-0.6373044387	-0.6324717434	-0.6304645977
	-0.6284532354	-0.6264376629	-0.6244179267	-0.6223940673	-0.620366116
	-0.648777223	-0.8414709848	-0.8297532587	-0.6580030017	-0.8164239201
	-0.8026446844	-0.7884232038	-0.6671311701	-0.6761603403	-0.6850892641
	-0.7737674015	-0.7586854876	-0.6939167363	-0.7026415922	-0.7431859515
	-0.7131936474	-0.7112625695	-0.7272771465	-0.6440039156	-0.6420218679
	-0.6400352629	-0.6380442623	-0.6360489813	-0.6340494881	-0.6320458267
	-0.63003803	-0.655390253	-0.6645478919	-0.8414709848	-0.8285570058
	-0.6736056985	-0.8151863529	-0.801366486	-0.7871051101	-0.6825632425
	-0.6914195104	-0.7001734004	-0.7724102252	-0.7572902333	-0.7088239327
	-0.7173706138	-0.7417543623	-0.7258147527	-0.6534349433	-0.6514736554
	-0.6495076748	-0.6475372813	-0.6455625853	-0.6435836462	-0.6416005006
	-0.6396131836	-0.6665795501	-0.6756143479	-0.8414709848	-0.8285568879
	-0.6845490671	-0.8151861483	-0.801366192	-0.7871047077	-0.6933822418
	-0.7021125991	-0.7107389236	-0.7724096526	-0.7572892492	-0.7192600365
	-0.7276747442	-0.7417518405	-0.664647787	-0.6627114321	-0.6607706023
	-0.6588253975	-0.6568758814	-0.6549220888	-0.652964032	-0.6490901063
	-0.6776188005	-0.6865302943	-0.8414709848	-0.8285567423	-0.695340142
	-0.81518585	-0.8013657141	-0.7871039879	-0.7040469293	-0.7126493202
	-0.7211460151	-0.7724085525	-0.7572874617	-0.7295357081	-0.743572038
	-0.6757124605	-0.6738016836	-0.6718864999	-0.6699669619	-0.6680431027
	-0.6661149235	-0.6622997287	-0.6584673425	-0.6885067751	-0.6972932296
	-0.8414709848	-0.8285565578	-0.7059764007	-0.8151854622	-0.8013650872
	-0.7871030584	-0.7145549281	-0.7230274724	-0.7313927125	-0.7724072185
	-0.7590609409	-0.745387507	-0.6866265539	-0.6847419007	-0.6828528686
	-0.6809595022	-0.6790617956	-0.6753065191	-0.6715337134	-0.6677434521
	-0.699241291	-0.7079008185	-0.8414709848	-0.8285563404	-0.7164554854
	-0.8151850088	-0.8013643672	-0.7871020291	-0.7249039405	-0.733244846
	-0.7471979004	-0.7741322871	-0.7608290079	-0.6973876706	-0.6955296347
	-0.6936672853	-0.6918006348	-0.6881064647	-0.6843944306	-0.680664585
	-0.6769170106	-0.7098199734	-0.7183507066	-0.8414709848	-0.828556101
	-0.7267750847	-0.8151845163	-0.8013636001	-0.7887775611	-0.7350917094
	-0.7490029253	-0.7625915666	-0.7758516937	-0.7079933652	-0.7061624768
	-0.7043274461	-0.7006955913	-0.6970455328	-0.6933772932	-0.6896909523
	-0.6859866091	-0.7202403104	-0.7286404898	-0.8414709848	-0.8285558499
	-0.7369329188	-0.8151840069	-0.8029886359	-0.7904473072	-0.7508023066
	-0.7643484859	-0.7775654063	-0.7184411185	-0.7166381835	-0.7130699444
	-0.7094831114	-0.7058776768	-0.7022537436	-0.6986114314	-0.6949508546
	-0.7304993757	-0.7387676928	-0.8414709848	-0.8285555931	-0.7525957077
	-0.8167576371	-0.8046078068	-0.7921112956	-0.7660996823	-0.7792734316
	-0.7287284714	-0.7252255547	-0.7217033258	-0.7038083704	-0.718161914
	-0.7146015493	-0.7110224119	-0.7074246452	-0.7405920486	-0.7543829263
	-0.8414709848	-0.8300769018	-0.7678453878	-0.8183252961	-0.8062211565
	-0.7937696237	-0.7809759459	-0.7371584922	-0.7337024918	-0.7302263042
	-0.7125577963	-0.716129226	-0.7267306289	-0.7232157742	-0.7196819264
	-0.7543843405	-0.7678455027	-0.8414709848	-0.8300768554	-0.7809757768
	-0.8183251814	-0.8062209819	-0.793769416	-0.751025148	-0.7211977884
	-0.747646282	-0.744247738	-0.730459204	-0.7339352559	-0.7408296353
	-0.7373921019	-0.7678464499	-0.7809761582	-0.8414709848	-0.8300768371
	-0.7937695368	-0.8183251605	-0.8062209946	-0.764567025	-0.72972702
	-0.7388666928	-0.7612677105	-0.7579485231	-0.7478724491	-0.7512508058
	-0.754609527	-0.7809767605	-0.7937698626	-0.8414709848	-0.8300768578
	-0.8062211535	-0.8183252276	-0.7777789458	-0.738144181	-0.7471606917
	-0.7560417795	-0.7745608897	-0.7713226419	-0.7647858493	-0.7680642692
	-0.7937702433	-0.8062213779	-0.8414709848	-0.8300769056	-0.8183253452
	-0.7464479787	-0.7906555199	-0.7553399249	-0.7640949635	-0.7727115242
	-0.7875202036	-0.7843643585	-0.7811880576	-0.806221592	-0.8183254661
	-0.8414709848	-0.8300769591	-0.754637138	-0.7634031326	-0.8031913353
	-0.7720307593	-0.7805184744	-0.7888647512	-0.8001401421	-0.7970680828
	-0.7627104011	-0.818325543	-0.8300769921	-0.8414709848	-0.7713490684
	-0.7798479384	-0.8153810656	-0.7882054933	-0.7964202269	-0.8044906529
	-0.8124153076	-0.770666528	-0.7791764927	-0.8300769626	-0.8414709848
	-0.7875452811	-0.795771387	-0.8272195105	-0.8038533159	-0.8117896005
	-0.8195788023	-0.7785042971	-0.7868841514	-0.795121573	-0.8414709848
	-0.8032149763	-0.8111628654	-0.8341191803	-0.8189637932	-0.8266163525
	-0.7868846918	-0.7951221068	-0.8032154658	-0.8414709848	-0.8111632995
	-0.818964163	-0.8341193654	-0.8266166442	-0.7951224196	-0.803215805
	-0.8111636221	-0.8414709848	-0.8189644426	-0.8266168589	-0.8341194902
	-0.8032159868	-0.8111638264	-0.8189646355	-0.8414709848	-0.826617013
	-0.8341195804	-0.8111639261	-0.8189647479	-0.8266171121	-0.8414709848
	-0.8341196418	-0.8189647964	-0.8266171645	-0.8341196782	-0.8414709848
	-0.8266171834	-0.834119695	-0.8414709848	-0.8341196996	-0.8414709848
	-0.8414709848	