0.00459611
0.00459617
0.00459625
0.00459637
0.0045965
0.00459665
0.00459682
0.004597
0.00459718
0.00459737
0.00459756
0.00459773
0.0045979
0.00459805
0.00459818
0.00459829
0.00459837
0.00459842
0.00459845
0.00459845
0.00459842
0.00459836
0.00459827
0.00459816
0.00459802
0.00459787
0.0045977
0.00459752
0.00459734
0.00459715
0.00459697
0.00459679
0.00459662
0.00459647
0.00459634
0.00459624
0.00459615
0.0045961
0.00459607
0.00459608
0.00459611
0.00459617
0.00459626
0.00459637
0.0045965
0.00459666
0.00459683
0.004597
0.00459719
0.00459738
0.00459756
0.00459774
0.0045979
0.00459805
0.00459818
0.00459829
0.00459837
0.00459842
0.00459845
0.00459845
0.00459841
0.00459835
0.00459827
0.00459815
0.00459802
0.00459786
0.0045977
0.00459752
0.00459733
0.00459715
0.00459696
0.00459678
0.00459662
0.00459647
0.00459634
0.00459623
0.00459615
0.0045961
0.00459607
0.00459608
0.00459611
0.00459617
0.00459626
0.00459637
0.00459651
0.00459666
0.00459683
0.00459701
0.00459719
0.00459738
0.00459757
0.00459774
0.00459791
0.00459806
0.00459818
0.00459829
0.00459837
0.00459843
0.00459845
0.00459845
0.00459841
0.00459835
0.00459826
0.00459815
0.00459801
0.00459786
0.00459769
0.00459751
0.00459733
0.00459714
0.00459696
0.00459678
0.00459662
0.00459647
0.00459634
0.00459623
0.00459615
0.0045961
0.00459607
0.00459608
0.00459611
0.00459617
0.00459626
0.00459638
0.00459651
0.00459667
0.00459683
0.00459701
0.0045972
0.00459739
0.00459757
0.00459775
0.00459791
0.00459806
0.00459819
0.00459829
0.00459837
0.00459843
0.00459845
0.00459845
0.00459841
0.00459835
0.00459826
0.00459815
0.00459801
0.00459786
0.00459769
0.00459751
0.00459732
0.00459714
0.00459695
0.00459678
0.00459661
0.00459646
0.00459634
0.00459623
0.00459615
0.0045961
0.00459607
0.00459608
0.00459611
0.00459618
0.00459627
0.00459638
0.00459652
0.00459667
0.00459684
0.00459702
0.0045972
0.00459739
0.00459757
0.00459775
0.00459791
0.00459806
0.00459819
0.0045983
0.00459838
0.00459843
0.00459845
0.00459845
0.00459841
0.00459835
0.00459826
0.00459814
0.00459801
0.00459785
0.00459768
0.0045975
0.00459732
0.00459713
0.00459695
0.00459677
0.00459661
0.00459646
0.00459633
0.00459623
0.00459615
0.0045961
0.00459607
0.00459608
0.00459611
0.00459618
0.00459627
0.00459638
0.00459652
0.00459667
0.00459684
0.00459702
0.00459721
0.0045974
0.00459758
0.00459775
0.00459792
0.00459807
0.00459819
0.0045983
0.00459838
0.00459843
0.00459845
0.00459844
0.00459841
0.00459835
0.00459825
0.00459814
0.004598
0.00459785
0.00459768
0.0045975
0.00459731
0.00459713
0.00459694
0.00459677
0.0045966
0.00459646
0.00459633
0.00459622
0.00459615
0.00459609
0.00459607
0.00459608
0.00459612
0.00459618
0.00459627
0.00459639
0.00459652
0.00459668
0.00459685
0.00459703
0.00459721
0.0045974
0.00459758
0.00459776
0.00459792
0.00459807
0.0045982
0.0045983
0.00459838
0.00459843
0.00459845
0.00459844
0.00459841
0.00459834
0.00459825
0.00459814
0.004598
0.00459784
0.00459767
0.00459749
0.00459731
0.00459712
0.00459694
0.00459676
0.0045966
0.00459645
0.00459633
0.00459622
0.00459614
0.00459609
0.00459607
0.00459608
0.00459612
0.00459618
0.00459627
0.00459639
0.00459653
0.00459668
0.00459685
0.00459703
0.00459722
0.00459741
0.00459759
0.00459776
0.00459793
0.00459807
0.0045982
0.0045983
0.00459838
0.00459843
0.00459845
0.00459844
0.00459841
0.00459834
0.00459825
0.00459813
0.004598
0.00459784
0.00459767
0.00459749
0.0045973
0.00459712
0.00459693
0.00459676
0.0045966
0.00459645
0.00459632
0.00459622
0.00459614
0.00459609
0.00459607
0.00459608
0.00459612
0.00459618
0.00459628
0.00459639
0.00459653
0.00459669
0.00459686
0.00459704
0.00459722
0.00459741
0.00459759
0.00459777
0.00459793
0.00459808
0.0045982
0.00459831
0.00459838
0.00459843
0.00459845
0.00459844
0.00459841
0.00459834
0.00459825
0.00459813
0.00459799
0.00459784
0.00459766
0.00459748
0.0045973
0.00459711
0.00459693
0.00459675
0.00459659
0.00459645
0.00459632
0.00459622
0.00459614
0.00459609
0.00459607
0.00459608
0.00459612
0.00459619
0.00459628
0.0045964
0.00459653
0.00459669
0.00459686
0.00459704
0.00459723
0.00459741
0.0045976
0.00459777
0.00459793
0.00459808
0.00459821
0.00459831
0.00459838
0.00459843
0.00459845
0.00459844
0.0045984
0.00459834
0.00459824
0.00459813
0.00459799
0.00459783
0.00459766
0.00459748
0.00459729
0.00459711
0.00459692
0.00459675
0.00459659
0.00459644
0.00459632
0.00459622
0.00459614
0.00459609
0.00459607
0.00459608
