3.00964e-06
3.00943e-06
3.00854e-06
3.00701e-06
3.00487e-06
3.00217e-06
2.99898e-06
2.99538e-06
2.99146e-06
2.98732e-06
2.98305e-06
2.97876e-06
2.97455e-06
2.97054e-06
2.96682e-06
2.96348e-06
2.96061e-06
2.95827e-06
2.95652e-06
2.95541e-06
2.95496e-06
2.95518e-06
2.95608e-06
2.95762e-06
2.95977e-06
2.96247e-06
2.96566e-06
2.96927e-06
2.97319e-06
2.97734e-06
2.98161e-06
2.9859e-06
2.9901e-06
2.99411e-06
2.99783e-06
3.00116e-06
3.00403e-06
3.00636e-06
3.0081e-06
3.00921e-06
3.00965e-06
3.00941e-06
3.00851e-06
3.00696e-06
3.00481e-06
3.00209e-06
2.9989e-06
2.99529e-06
2.99136e-06
2.98721e-06
2.98293e-06
2.97865e-06
2.97445e-06
2.97044e-06
2.96673e-06
2.9634e-06
2.96054e-06
2.95822e-06
2.95648e-06
2.95539e-06
2.95496e-06
2.9552e-06
2.95611e-06
2.95766e-06
2.95983e-06
2.96255e-06
2.96575e-06
2.96936e-06
2.9733e-06
2.97745e-06
2.98172e-06
2.98601e-06
2.99021e-06
2.99421e-06
2.99792e-06
3.00124e-06
3.0041e-06
3.00641e-06
3.00814e-06
3.00923e-06
3.00965e-06
3.0094e-06
3.00848e-06
3.00691e-06
3.00474e-06
3.00202e-06
2.99881e-06
2.99519e-06
2.99125e-06
2.9871e-06
2.98282e-06
2.97854e-06
2.97434e-06
2.97034e-06
2.96664e-06
2.96332e-06
2.96047e-06
2.95816e-06
2.95645e-06
2.95537e-06
2.95495e-06
2.95521e-06
2.95614e-06
2.95771e-06
2.95989e-06
2.96262e-06
2.96584e-06
2.96946e-06
2.9734e-06
2.97756e-06
2.98183e-06
2.98612e-06
2.99031e-06
2.99431e-06
2.99801e-06
3.00132e-06
3.00416e-06
3.00647e-06
3.00817e-06
3.00924e-06
3.00965e-06
3.00938e-06
3.00845e-06
3.00687e-06
3.00468e-06
3.00194e-06
2.99872e-06
2.99509e-06
2.99115e-06
2.98699e-06
2.98271e-06
2.97843e-06
2.97424e-06
2.97024e-06
2.96655e-06
2.96324e-06
2.96041e-06
2.95811e-06
2.95641e-06
2.95535e-06
2.95495e-06
2.95523e-06
2.95617e-06
2.95776e-06
2.95996e-06
2.9627e-06
2.96593e-06
2.96956e-06
2.97351e-06
2.97767e-06
2.98194e-06
2.98623e-06
2.99042e-06
2.99441e-06
2.9981e-06
3.0014e-06
3.00423e-06
3.00652e-06
3.00821e-06
3.00926e-06
3.00965e-06
3.00937e-06
3.00841e-06
3.00682e-06
3.00462e-06
3.00186e-06
2.99863e-06
2.99499e-06
2.99105e-06
2.98688e-06
2.9826e-06
2.97832e-06
2.97413e-06
2.97015e-06
2.96646e-06
2.96316e-06
2.96034e-06
2.95806e-06
2.95638e-06
2.95533e-06
2.95495e-06
2.95524e-06
2.95621e-06
2.95781e-06
2.96002e-06
2.96278e-06
2.96602e-06
2.96966e-06
2.97361e-06
2.97778e-06
2.98206e-06
2.98634e-06
2.99052e-06
2.99451e-06
2.99819e-06
3.00148e-06
3.00429e-06
3.00657e-06
3.00825e-06
3.00928e-06
3.00965e-06
3.00935e-06
3.00838e-06
3.00677e-06
3.00455e-06
3.00179e-06
2.99854e-06
2.9949e-06
2.99094e-06
2.98677e-06
2.98249e-06
2.97821e-06
2.97403e-06
2.97005e-06
2.96637e-06
2.96309e-06
2.96028e-06
2.95801e-06
2.95634e-06
2.95531e-06
2.95495e-06
2.95526e-06
2.95624e-06
2.95786e-06
2.96008e-06
2.96286e-06
2.96611e-06
2.96976e-06
2.97372e-06
2.97789e-06
2.98217e-06
2.98645e-06
2.99063e-06
2.99461e-06
2.99828e-06
3.00156e-06
3.00436e-06
3.00662e-06
3.00828e-06
3.0093e-06
3.00965e-06
3.00933e-06
3.00835e-06
3.00672e-06
3.00449e-06
3.00171e-06
2.99845e-06
2.9948e-06
2.99084e-06
2.98666e-06
2.98238e-06
2.9781e-06
2.97392e-06
2.96995e-06
2.96628e-06
2.96301e-06
2.96021e-06
2.95796e-06
2.95631e-06
2.95529e-06
2.95495e-06
2.95528e-06
2.95627e-06
2.95791e-06
2.96015e-06
2.96293e-06
2.9662e-06
2.96985e-06
2.97382e-06
2.978e-06
2.98228e-06
2.98656e-06
2.99074e-06
2.9947e-06
2.99837e-06
3.00163e-06
3.00443e-06
3.00667e-06
3.00831e-06
3.00932e-06
3.00965e-06
3.00932e-06
3.00831e-06
3.00667e-06
3.00442e-06
3.00163e-06
2.99836e-06
2.9947e-06
2.99073e-06
2.98655e-06
2.98227e-06
2.97799e-06
2.97382e-06
2.96985e-06
2.96619e-06
2.96293e-06
2.96015e-06
2.95791e-06
2.95627e-06
2.95528e-06
2.95495e-06
2.9553e-06
2.95631e-06
2.95796e-06
2.96021e-06
2.96301e-06
2.96628e-06
2.96995e-06
2.97393e-06
2.9781e-06
2.98239e-06
2.98667e-06
2.99084e-06
2.9948e-06
2.99846e-06
3.00171e-06
3.00449e-06
3.00672e-06
3.00835e-06
3.00933e-06
3.00965e-06
3.0093e-06
3.00828e-06
3.00662e-06
3.00436e-06
3.00155e-06
2.99827e-06
2.9946e-06
2.99062e-06
2.98644e-06
2.98216e-06
2.97788e-06
2.97371e-06
2.96975e-06
2.9661e-06
2.96285e-06
2.96008e-06
2.95786e-06
2.95624e-06
2.95526e-06
2.95495e-06
2.95531e-06
2.95634e-06
2.95801e-06
2.96028e-06
2.96309e-06
2.96637e-06
2.97005e-06
2.97403e-06
2.97821e-06
2.9825e-06
2.98678e-06
2.99095e-06
2.9949e-06
2.99855e-06
3.00179e-06
3.00455e-06
3.00677e-06
3.00838e-06
3.00935e-06
3.00965e-06
3.00928e-06
3.00824e-06
3.00657e-06
3.00429e-06
3.00147e-06
2.99818e-06
2.9945e-06
2.99052e-06
2.98633e-06
2.98205e-06
2.97777e-06
2.97361e-06
2.96965e-06
2.96601e-06
2.96277e-06
2.96002e-06
2.95781e-06
2.9562e-06
2.95524e-06
2.95495e-06
2.95533e-06
2.95638e-06
2.95806e-06
2.96034e-06
2.96317e-06
2.96646e-06
2.97015e-06
2.97414e-06
2.97832e-06
2.98261e-06
2.98689e-06
2.99105e-06
2.995e-06
2.99863e-06
3.00187e-06
3.00462e-06
3.00682e-06
3.00841e-06
3.00937e-06
