6.22795e-12
2.47209e-11
5.49319e-11
9.59831e-11
1.46697e-10
2.05639e-10
2.71164e-10
3.41484e-10
4.14721e-10
4.88984e-10
5.62437e-10
6.33362e-10
7.00232e-10
7.6177e-10
8.16998e-10
8.65284e-10
9.06377e-10
9.40426e-10
9.67986e-10
9.9002e-10
1.00787e-09
1.02324e-09
1.03814e-09
1.05483e-09
1.07576e-09
1.1035e-09
1.14066e-09
1.1898e-09
1.25334e-09
1.33351e-09
1.43225e-09
1.55112e-09
1.69128e-09
1.85341e-09
2.03768e-09
2.24371e-09
2.4706e-09
2.7169e-09
2.98065e-09
3.25942e-09
3.55035e-09
3.85025e-09
4.15564e-09
4.46287e-09
4.76822e-09
5.068e-09
5.35863e-09
5.6368e-09
5.89951e-09
6.14421e-09
6.3689e-09
6.57213e-09
6.75313e-09
6.91183e-09
7.04886e-09
7.16561e-09
7.26414e-09
7.3472e-09
7.41816e-09
7.48092e-09
7.53985e-09
7.59965e-09
7.66524e-09
7.74165e-09
7.83389e-09
7.94678e-09
8.08484e-09
8.25216e-09
8.45227e-09
8.68805e-09
8.9616e-09
9.27421e-09
9.62626e-09
1.00172e-08
1.04457e-08
1.09092e-08
1.14045e-08
1.19277e-08
1.24738e-08
1.30377e-08
1.36132e-08
1.41944e-08
1.47747e-08
1.53478e-08
1.59074e-08
1.64475e-08
1.69628e-08
1.74482e-08
1.78998e-08
1.83144e-08
1.86897e-08
1.90247e-08
1.93192e-08
1.95746e-08
1.9793e-08
1.99778e-08
2.01335e-08
2.02653e-08
2.03796e-08
2.0483e-08
2.05831e-08
2.06874e-08
2.0804e-08
2.09404e-08
2.11044e-08
2.13029e-08
2.15423e-08
2.18284e-08
2.21656e-08
2.25576e-08
2.30066e-08
2.35135e-08
2.4078e-08
2.46983e-08
2.53713e-08
2.60927e-08
2.68568e-08
2.7657e-08
2.84857e-08
2.93346e-08
3.01947e-08
3.1057e-08
3.1912e-08
3.27506e-08
3.35641e-08
3.43441e-08
3.50834e-08
3.57756e-08
3.64155e-08
3.69993e-08
3.75247e-08
3.79908e-08
3.83984e-08
3.87499e-08
3.90493e-08
3.93018e-08
3.95143e-08
3.96947e-08
3.98521e-08
3.99962e-08
4.01374e-08
4.02865e-08
4.04542e-08
4.0651e-08
4.08871e-08
4.11716e-08
4.1513e-08
4.19183e-08
4.23933e-08
4.29421e-08
4.3567e-08
4.42688e-08
4.50463e-08
4.58964e-08
4.68145e-08
4.77941e-08
4.88273e-08
4.99047e-08
5.10161e-08
5.21501e-08
5.32947e-08
5.44379e-08
5.55674e-08
5.66712e-08
5.77381e-08
5.87576e-08
5.97205e-08
6.06188e-08
6.14464e-08
6.21989e-08
6.28737e-08
6.34704e-08
6.39905e-08
6.44377e-08
6.48174e-08
6.51373e-08
6.54063e-08
6.56351e-08
6.58355e-08
6.60202e-08
6.62027e-08
6.63966e-08
6.66157e-08
6.68732e-08
6.71818e-08
6.75528e-08
6.79967e-08
6.85218e-08
6.91351e-08
6.98412e-08
7.06428e-08
7.154e-08
7.2531e-08
7.36114e-08
7.4775e-08
7.60132e-08
7.73157e-08
7.86706e-08
8.00648e-08
8.14838e-08
8.2913e-08
8.43369e-08
8.57406e-08
8.71093e-08
8.84292e-08
8.96877e-08
9.08736e-08
9.19775e-08
9.29923e-08
9.39128e-08
9.47365e-08
9.54631e-08
9.60952e-08
9.66375e-08
9.70973e-08
9.7484e-08
9.78093e-08
9.80862e-08
9.83295e-08
9.85548e-08
9.87786e-08
9.90176e-08
9.92883e-08
9.96068e-08
9.99882e-08
1.00446e-07
1.00993e-07
1.01639e-07
1.02391e-07
1.03255e-07
1.04233e-07
1.05327e-07
1.06532e-07
1.07843e-07
1.09252e-07
1.1075e-07
1.12322e-07
1.13954e-07
1.15631e-07
1.17336e-07
1.19049e-07
1.20754e-07
1.22431e-07
1.24065e-07
1.25637e-07
1.27134e-07
1.28542e-07
1.29851e-07
1.31053e-07
1.32141e-07
1.33113e-07
1.33969e-07
1.34712e-07
1.35349e-07
1.35888e-07
1.36342e-07
1.36723e-07
1.37048e-07
1.37334e-07
1.376e-07
1.37865e-07
1.38149e-07
1.38472e-07
1.38851e-07
1.39306e-07
1.39852e-07
1.40502e-07
1.41268e-07
1.4216e-07
1.43182e-07
1.44339e-07
1.45629e-07
1.47048e-07
1.48591e-07
1.50247e-07
1.52003e-07
1.53845e-07
1.55756e-07
1.57716e-07
1.59705e-07
1.61703e-07
1.63688e-07
1.65639e-07
1.67537e-07
1.69361e-07
1.71096e-07
1.72727e-07
1.7424e-07
1.75627e-07
1.76882e-07
1.78002e-07
1.78987e-07
1.79841e-07
1.80572e-07
1.8119e-07
1.8171e-07
1.82147e-07
1.82519e-07
1.82848e-07
1.83154e-07
1.83461e-07
1.8379e-07
1.84165e-07
1.84607e-07
1.85135e-07
1.85768e-07
1.86522e-07
1.8741e-07
1.88442e-07
1.89624e-07
1.90958e-07
1.92445e-07
1.9408e-07
1.95854e-07
1.97757e-07
1.99773e-07
2.01885e-07
2.04074e-07
2.06317e-07
2.08592e-07
2.10874e-07
2.13139e-07
2.15364e-07
2.17525e-07
2.19601e-07
2.21574e-07
2.23426e-07
2.25143e-07
2.26716e-07
2.28137e-07
2.29403e-07
2.30516e-07
2.31481e-07
2.32306e-07
2.33003e-07
2.33588e-07
2.3408e-07
2.345e-07
2.34872e-07
2.35218e-07
2.35566e-07
2.35941e-07
2.36368e-07
2.36872e-07
2.37474e-07
2.38196e-07
2.39055e-07
2.40065e-07
2.41237e-07
2.42578e-07
2.44092e-07
2.45777e-07
2.47627e-07
2.49633e-07
2.51783e-07
2.54059e-07
2.56442e-07
2.58909e-07
2.61435e-07
2.63995e-07
2.66561e-07
2.69106e-07
2.71604e-07
2.74029e-07
2.76357e-07
2.78566e-07
2.80639e-07
2.8256e-07
2.84317e-07
2.85904e-07
2.87317e-07
2.88558e-07
2.89632e-07
2.9055e-07
2.91325e-07
2.91976e-07
2.92523e-07
2.9299e-07
2.93404e-07
2.93791e-07
2.94181e-07
2.94601e-07
2.95081e-07
2.95647e-07
2.96324e-07
2.97134e-07
2.98098e-07
2.9923e-07
3.00544e-07
3.02045e-07
3.03738e-07
3.05621e-07
3.07688e-07
3.09927e-07
3.12324e-07
3.14861e-07
3.17514e-07
3.2026e-07
3.23069e-07
3.25914e-07
