0.00161993
0.0016199
0.00161985
0.00161979
0.00161971
0.00161963
0.00161954
0.00161946
0.00161939
0.00161933
0.00161929
0.00161929
0.00161931
0.00161938
0.00161949
0.00161965
0.00161985
0.00162011
0.00162041
0.00162077
0.00162116
0.0016216
0.00162208
0.00162258
0.0016231
0.00162363
0.00162417
0.00162471
0.00162523
0.00162573
0.00162621
0.00162666
0.00162706
0.00162743
0.00162775
0.00162803
0.00162827
0.00162846
0.00162862
0.00162875
0.00162886
0.00162896
0.00162905
0.00162916
0.00162928
0.00162943
0.00162962
0.00162987
0.00163018
0.00163056
0.00163102
0.00163156
0.0016322
0.00163293
0.00163375
0.00163466
0.00163565
0.00163672
0.00163786
0.00163906
0.00164031
0.00164159
0.00164288
0.00164419
0.00164548
0.00164674
0.00164797
0.00164914
0.00165024
0.00165127
0.00165222
0.00165308
0.00165384
0.00165452
0.0016551
0.00165559
0.00165601
0.00165636
0.00165665
0.0016569
0.00165713
0.00165735
0.00165758
0.00165784
0.00165816
0.00165854
0.001659
0.00165957
0.00166025
0.00166105
0.00166199
0.00166307
0.0016643
0.00166566
0.00166716
0.00166879
0.00167054
0.00167239
0.00167432
0.00167633
0.00167838
0.00168046
0.00168254
0.0016846
0.00168662
0.00168857
0.00169044
0.0016922
0.00169386
0.00169538
0.00169676
0.001698
0.0016991
0.00170006
0.00170088
0.00170157
0.00170216
0.00170265
0.00170306
0.00170343
0.00170377
0.0017041
0.00170447
0.00170488
0.00170537
0.00170597
0.00170669
0.00170755
0.00170858
0.00170979
0.00171118
0.00171276
0.00171453
0.00171648
0.00171862
0.00172092
0.00172336
0.00172593
0.0017286
0.00173135
0.00173414
0.00173695
0.00173975
0.0017425
0.00174518
0.00174776
0.00175022
0.00175253
0.00175468
0.00175664
0.00175842
0.00176001
0.00176141
0.00176262
0.00176366
0.00176453
0.00176527
0.00176589
0.00176641
0.00176688
0.00176732
0.00176776
0.00176824
0.0017688
0.00176945
0.00177025
0.0017712
0.00177234
0.00177369
0.00177526
0.00177706
0.00177909
0.00178136
0.00178385
0.00178656
0.00178946
0.00179253
0.00179575
0.00179908
0.0018025
0.00180596
0.00180942
0.00181286
0.00181623
0.0018195
0.00182264
0.00182562
0.00182841
0.00183099
0.00183335
0.00183548
0.00183738
0.00183904
0.00184048
0.0018417
0.00184274
0.0018436
0.00184433
0.00184496
0.00184551
0.00184604
0.00184658
0.00184717
0.00184784
0.00184865
0.00184962
0.00185078
0.00185217
0.0018538
0.00185569
0.00185786
0.00186029
0.001863
0.00186597
0.00186918
0.00187262
0.00187624
0.00188003
0.00188395
0.00188795
0.00189199
0.00189603
0.00190003
0.00190394
0.00190773
0.00191135
0.00191478
0.00191799
0.00192095
0.00192366
0.00192609
0.00192825
0.00193014
0.00193177
0.00193316
0.00193433
0.00193531
0.00193614
0.00193685
0.00193748
0.00193809
0.00193871
0.00193939
0.00194017
0.00194111
0.00194224
0.00194358
0.00194519
0.00194707
0.00194924
0.00195172
0.00195451
0.0019576
0.00196098
0.00196464
0.00196854
0.00197265
0.00197693
0.00198135
0.00198586
0.0019904
0.00199494
0.00199942
0.00200379
0.00200803
0.00201207
0.00201589
0.00201946
0.00202274
0.00202574
0.00202843
0.00203082
0.0020329
0.0020347
0.00203622
0.00203751
0.00203859
0.00203949
0.00204027
0.00204098
0.00204165
0.00204234
0.0020431
0.00204398
0.00204503
0.00204629
0.0020478
0.00204959
0.00205169
0.00205411
0.00205686
0.00205996
0.00206338
0.00206712
0.00207115
0.00207545
0.00207997
0.00208468
0.00208953
0.00209447
0.00209945
0.00210441
0.0021093
0.00211408
0.00211868
0.00212308
0.00212723
0.0021311
0.00213467
0.00213791
0.00214082
0.0021434
0.00214565
0.00214758
0.00214922
0.00215061
0.00215176
0.00215274
0.00215358
0.00215434
0.00215507
0.00215582
0.00215665
0.00215762
0.00215877
0.00216014
0.00216179
0.00216374
0.00216602
0.00216865
0.00217165
0.002175
0.00217871
0.00218275
0.00218711
0.00219175
0.00219662
0.0022017
0.00220691
0.00221222
0.00221756
0.00222288
0.00222813
0.00223324
0.00223816
0.00224286
0.00224729
0.00225142
0.00225522
0.00225867
0.00226176
0.0022645
0.00226688
0.00226893
0.00227067
0.00227214
0.00227336
0.0022744
0.00227529
0.0022761
0.00227687
0.00227768
0.00227857
0.00227961
0.00228084
0.00228232
0.00228408
0.00228617
0.00228861
0.00229143
0.00229462
0.0022982
0.00230215
0.00230645
0.00231109
0.00231601
0.00232119
0.00232657
0.0023321
0.00233772
0.00234337
0.002349
0.00235454
0.00235993
0.00236513
0.00237008
0.00237475
0.00237909
0.00238309
0.00238671
0.00238996
0.00239283
0.00239533
0.00239747
0.00239929
0.00240082
0.00240211
0.00240319
0.00240412
0.00240497
