0
2.66616e-13
1.39093e-12
4.12835e-12
9.56629e-12
1.90802e-11
3.42779e-11
5.69331e-11
8.89123e-11
1.32095e-10
1.88294e-10
2.59171e-10
3.46163e-10
4.50408e-10
5.72682e-10
7.13348e-10
8.72319e-10
1.04903e-09
1.24245e-09
1.45104e-09
1.67285e-09
1.90551e-09
2.14632e-09
2.39228e-09
2.64024e-09
2.88693e-09
3.12911e-09
3.36366e-09
3.58766e-09
3.79856e-09
3.99419e-09
4.17295e-09
4.33378e-09
4.47633e-09
4.60091e-09
4.70858e-09
4.8011e-09
4.88097e-09
4.95134e-09
5.01599e-09
5.07919e-09
5.14567e-09
5.22046e-09
5.30876e-09
5.41582e-09
5.54676e-09
5.70648e-09
5.89944e-09
6.12958e-09
6.40016e-09
6.71365e-09
7.07164e-09
7.47474e-09
7.92257e-09
8.41369e-09
8.94564e-09
9.51495e-09
1.01172e-08
1.07471e-08
1.13987e-08
1.20653e-08
1.27399e-08
1.34151e-08
1.40835e-08
1.47378e-08
1.53709e-08
1.59764e-08
1.65484e-08
1.7082e-08
1.75733e-08
1.80194e-08
1.84188e-08
1.87713e-08
1.9078e-08
1.93416e-08
1.95659e-08
1.9756e-08
1.99184e-08
2.00603e-08
2.01901e-08
2.03167e-08
2.04496e-08
2.05983e-08
2.07726e-08
2.09818e-08
2.12349e-08
2.15399e-08
2.1904e-08
2.23332e-08
2.28321e-08
2.34038e-08
2.40498e-08
2.47698e-08
2.55621e-08
2.64228e-08
2.73466e-08
2.83268e-08
2.9355e-08
3.04217e-08
3.15164e-08
3.26278e-08
3.37441e-08
3.48534e-08
3.59438e-08
3.70038e-08
3.80227e-08
3.89908e-08
3.98995e-08
4.07418e-08
4.15125e-08
4.22081e-08
4.28272e-08
4.33705e-08
4.38407e-08
4.42425e-08
4.45827e-08
4.48699e-08
4.51143e-08
4.53275e-08
4.55224e-08
4.57124e-08
4.59118e-08
4.61348e-08
4.63955e-08
4.67075e-08
4.70833e-08
4.75343e-08
4.80704e-08
4.86995e-08
4.94276e-08
5.02584e-08
5.11934e-08
5.22313e-08
5.33687e-08
5.45998e-08
5.59162e-08
5.73078e-08
5.87623e-08
6.0266e-08
6.18039e-08
6.33601e-08
6.4918e-08
6.6461e-08
6.7973e-08
6.94382e-08
7.08422e-08
7.2172e-08
7.34165e-08
7.45666e-08
7.56158e-08
7.656e-08
7.7398e-08
7.81312e-08
7.87639e-08
7.93032e-08
7.97588e-08
8.01425e-08
8.04685e-08
8.07528e-08
8.10125e-08
8.1266e-08
8.15321e-08
8.18297e-08
8.21773e-08
8.25925e-08
8.30917e-08
8.36895e-08
8.43984e-08
8.52283e-08
8.61866e-08
8.72775e-08
8.85022e-08
8.98589e-08
9.13423e-08
9.29444e-08
9.4654e-08
9.64574e-08
9.83387e-08
1.0028e-07
1.02261e-07
1.04262e-07
1.06261e-07
1.08238e-07
1.10171e-07
1.1204e-07
1.13829e-07
1.1552e-07
1.17099e-07
1.18556e-07
1.19883e-07
1.21075e-07
1.22131e-07
1.23053e-07
1.23847e-07
1.24523e-07
1.25094e-07
1.25573e-07
1.25981e-07
1.26336e-07
1.2666e-07
1.26977e-07
1.2731e-07
1.27683e-07
1.28117e-07
1.28636e-07
1.2926e-07
1.30005e-07
1.30888e-07
1.31919e-07
1.33109e-07
1.3446e-07
1.35976e-07
1.37652e-07
1.39482e-07
1.41456e-07
1.4356e-07
1.45775e-07
1.48084e-07
1.50462e-07
1.52887e-07
1.55333e-07
1.57773e-07
1.60183e-07
1.62536e-07
1.6481e-07
1.66982e-07
1.69033e-07
1.70947e-07
1.7271e-07
1.74314e-07
1.75752e-07
1.77025e-07
1.78135e-07
1.79091e-07
1.79903e-07
1.80587e-07
1.81162e-07
1.8165e-07
1.82076e-07
1.82465e-07
1.82845e-07
1.83245e-07
1.83693e-07
1.84216e-07
1.84839e-07
1.85587e-07
1.86481e-07
1.87538e-07
1.88772e-07
1.90193e-07
1.91807e-07
1.93614e-07
1.95611e-07
1.97788e-07
2.00135e-07
2.02633e-07
2.05261e-07
2.07997e-07
2.10814e-07
2.13682e-07
2.16572e-07
2.19453e-07
2.22296e-07
2.2507e-07
2.27747e-07
2.30302e-07
2.32713e-07
2.34959e-07
2.37028e-07
2.38907e-07
2.40591e-07
2.4208e-07
2.43378e-07
2.44493e-07
2.4544e-07
2.46238e-07
2.46908e-07
2.47477e-07
2.47972e-07
2.48426e-07
2.4887e-07
2.49337e-07
2.4986e-07
2.50471e-07
2.51199e-07
2.52073e-07
2.53116e-07
2.54348e-07
2.55785e-07
2.5744e-07
2.59316e-07
2.61416e-07
2.63734e-07
2.6626e-07
2.68979e-07
2.71872e-07
2.74914e-07
2.78078e-07
2.81333e-07
2.84644e-07
2.87979e-07
2.91301e-07
2.94576e-07
2.9777e-07
3.0085e-07
3.03788e-07
3.06557e-07
3.09136e-07
3.11508e-07
3.13662e-07
3.15591e-07
3.17295e-07
3.18779e-07
3.20054e-07
3.21136e-07
3.22046e-07
3.22811e-07
3.23459e-07
3.24025e-07
3.24543e-07
3.25051e-07
3.25585e-07
3.26184e-07
3.26883e-07
3.27717e-07
3.28717e-07
3.29909e-07
3.31318e-07
3.32959e-07
3.34847e-07
3.36988e-07
3.39381e-07
3.42021e-07
3.44896e-07
3.47989e-07
3.51278e-07
3.54734e-07
3.58326e-07
3.62019e-07
3.65774e-07
3.69553e-07
3.73316e-07
3.77023e-07
3.80636e-07
3.84119e-07
3.87438e-07
3.90565e-07
3.93475e-07
3.96151e-07
3.98579e-07
4.00752e-07
4.0267e-07
4.04339e-07
4.05773e-07
4.06988e-07
4.08011e-07
4.08869e-07
4.09597e-07
4.10233e-07
4.10815e-07
4.11386e-07
4.11988e-07
4.12663e-07
4.13451e-07
4.14391e-07
4.15518e-07
4.16861e-07
4.18446e-07
4.20293e-07
4.22416e-07
4.2482e-07
4.27508e-07
4.30471e-07
4.33696e-07
4.37164e-07
4.40849e-07
4.44719e-07
4.4874e-07
4.52871e-07
4.5707e-07
4.61294e-07
4.65497e-07
4.69636e-07
4.73668e-07
4.77552e-07
4.81252e-07
4.84736e-07
4.87977e-07
4.90955e-07
4.93656e-07
4.96072e-07
4.98203e-07
5.00057e-07
5.01648e-07
5.02997e-07
5.04131e-07
5.05082e-07
5.0589e-07
5.06595e-07
5.07241e-07
