6561	
	-0.0003206446626	-1.439658656e-16	  0	-0.0002292363871	-3.831539338e-17
	-7.568733461e-17	-0.0003149598124	-9.373040811e-17	-1.111956025e-16	-0.0002678085281
	-0.0001824042795	-6.735016816e-05	-1.921693609e-17	-5.717762352e-17	-0.0001282474006
	-1.27975239e-16	-0.0002968664587	-0.0004126335551	-0.04637087126	-0.0460543445
	-1.590688947e-16	-0.006213754779	-0.02443815797	-0.03024833227	-0.01232223757
	-0.01835478079	-0.02427356194	-0.03004101379	-0.04125000849	-0.03561966586
	-0.04097135683	-0.03586427984	-0.01847065265	-0.01238326739	-0.0005004336505
	-0.05129366452	-0.09214530812	-0.05091232714	-0.09185983478	-1.731912112e-16
	-0.02456291031	-0.06004720867	-0.04849959704	-0.07121729499	-0.03659144987
	-0.04839363963	-0.0598949533	-0.07102167567	-0.08193930398	-0.08170079788
	-0.03664690718	-0.05589839546	-0.0005835969081	-0.1018695738	-0.1373618912
	-0.1015267899	-0.05544499014	-0.1371178146	-1.862457464e-16	-0.05459831221
	-0.08948003386	-0.1061375402	-0.07226439291	-0.1221319171	-0.07221287199
	-0.08937990759	-0.1059904384	-0.121937637	-0.06015682725	-0.1109633823
	-0.0006619347914	-0.1518285961	-0.1817428275	-0.151530058	-0.1105575955
	-0.05963076377	-0.1815448125	-1.981520145e-16	-0.09558470901	-0.118364299
	-0.1404092683	-0.1615804211	-0.118314672	-0.1403108867	-0.1614329854
	-0.1193710436	-0.06404309668	-0.1653556754	-0.0007353849318	-0.2008634299
	-0.2250171861	-0.1649992707	-0.2006125429	-0.1189004904	-0.06344639823
	-0.2248675258	-2.088366096e-16	-0.1465201953	-0.1738204538	-0.2000426357
	-0.1737710918	-0.1999435693	-0.1270413403	-0.1778606648	-0.06753371386
	-0.2187400283	-0.0008039122383	-0.2486734749	-0.2669252047	-0.2184344297
	-0.1774449697	-0.2484720783	-0.1265066727	-0.06686958597	-0.2668250412
	-2.182336576e-16	-0.2061633368	-0.2372832217	-0.2372334143	-0.1892675491
	-0.1339276062	-0.2352646612	-0.07060760295	-0.2707876436	-0.0008674546574
	-0.2949670891	-0.3072290511	-0.2705336434	-0.2349035584	-0.1887928292
	-0.2948160502	-0.1333309073	-0.0698798737	-0.307178904	-2.262852225e-16
	-0.2730734495	-0.1995068866	-0.2503373381	-0.1399879069	-0.2912285767
	-0.07324618279	-0.3211776946	-0.0009259036511	-0.3394625302	-0.3457508362
	-0.2909217417	-0.3209755244	-0.2499210558	-0.1989746521	-0.3393621051
	-0.1393321413	-0.07245907157	-2.329416637e-16	-0.2085161722	-0.2638663434
	-0.3098732588	-0.1451852718	-0.3454062301	-0.07543346858	-0.369597455
	-0.0009791054979	-0.3818785497	-0.3818285789	-0.345153132	-0.3095141196
	-0.3694469112	-0.2633961761	-0.2079288204	-0.1444739892	-0.07459149023
	-2.381619421e-16	-0.2757689504	-0.2162402654	-0.3266081295	-0.3675068519
	-0.1494879339	-0.397460895	-0.07715617648	-0.4157391461	-0.001026872464
	-0.4218609447	-0.4156396882	-0.3672035872	-0.3972607729	-0.3261979548
	-0.2752469726	-0.2156008361	-0.1487251096	-0.07626410234	-2.41913873e-16
	-0.341330559	-0.2859721296	-0.2226317914	-0.3873440949	-0.4228805887
	-0.1528695488	-0.4470662233	-0.07840381916	-0.4592956583	-0.001068997081
	-0.4592464664	-0.4469180982	-0.4226318672	-0.3869919948	-0.3408712666
	-0.2854010298	-0.2219438086	-0.1520594951	-0.07746666005	-2.441743244e-16
	-0.404795605	-0.3539499402	-0.2944131408	-0.2276514855	-0.4456981122
	-0.4756500519	-0.1553093798	-0.4939097042	-0.07916878519	-0.5000165547
	-0.00110526604	-0.4938123946	-0.4754544411	-0.4454022237	-0.4043965327
	-0.3534439953	-0.2937960938	-0.2269188545	-0.1544566948	-0.07819178045
	-2.449293598e-16	-0.4657714994	-0.4197535342	-0.3643884701	-0.3010400049
	-0.2312684711	-0.5013085601	-0.5254872823	-0.1567924459	-0.5377064841
	-0.07944639934	-0.537658614	-0.001135472238	-0.5253432312	-0.5010670146
	-0.4654303125	-0.4193098245	-0.3638387925	-0.3003805773	-0.2304954115
	-0.1559019779	-0.07843500458	-2.441743244e-16	-0.4829761315	-0.523881015
	-0.4321253965	-0.3725817286	-0.3058118719	-0.233460475	-0.5538311646
	-0.5720856597	-0.1573096282	-0.5781902818	-0.07923496227	-0.5719914887
	-0.001159424611	-0.5536420516	-0.523595445	-0.4825919149	-0.4316397914
	-0.3719916151	-0.3051139527	-0.2326514719	-0.156386449	-0.07819483315
	-2.41913873e-16	-0.5432269307	-0.4972053588	-0.5787648937	-0.4418346843
	-0.3784791176	-0.3086992978	-0.2342139802	-0.6029418986	-0.6151593345
	-0.1568577376	-0.6151132279	-0.07853576943	-0.6028032427	-0.001176955875
	-0.5785326941	-0.5428995828	-0.4967807368	-0.4413102735	-0.3778521795
	-0.3079670462	-0.2333737471	-0.1559071168	-0.07747274077	-2.381619421e-16
	-0.6001336495	-0.5592262511	-0.5083710507	-0.6300843069	-0.4488213453
	-0.3820441897	-0.3096844405	-0.2335243199	-0.6483383726	-0.6544437457
	-0.1554395423	-0.6482481172	-0.07735310953	-0.6299032225	-0.001187928454
	-0.5998606186	-0.5588596771	-0.5079089583	-0.4482615131	-0.3813843024
	-0.3089222439	-0.2326577662	-0.1544669211	-0.07627316977	-2.329416637e-16
	-0.6178049644	-0.6533449112	-0.5717798254	-0.516404074	-0.6775227784
	-0.4530421456	-0.3832548796	-0.3087611773	-0.2313957128	-0.6897411177
	-0.6896971142	-0.1530637568	-0.6773905231	-0.07569424276	-0.6531236842
	-0.001192238943	-0.6174936153	-0.5713768485	-0.515907714	-0.4524505256
	-0.38256614	-0.3079736153	-0.230507914	-0.1520747204	-0.07460350466
	-2.262852225e-16	-0.6316693909	-0.6725797881	-0.7025323592	-0.580809901
	-0.5212546805	-0.720787882	-0.4544709298	-0.382103642	-0.3059351473
	-0.2278412419	-0.72689509	-0.7207021232	-0.149744992	-0.7023604364
	-0.07356935951	-0.6723209184	-0.001189821369	-0.6313224689	-0.5803735816
	-0.5207274845	-0.4538513652	-0.3813903323	-0.3051269592	-0.2269374095
	-0.1487452397	-0.07247402757	-2.182336576e-16	-0.6876699473	-0.6416410916
	-0.7232126216	-0.7473925698	-0.5862605426	-0.5228927904	-0.759612891
	-0.4530987754	-0.3785974987	-0.3012237188	-0.2228827769	-0.7595712388
	-0.7472674458	-0.1455036683	-0.7230035368	-0.07099152006	-0.6873761293
	-0.001180649498	-0.6412615478	-0.585794146	-0.5223383832	-0.452455284
	-0.377864053	-0.3003997727	-0.2219682286	-0.1444989822	-0.06989785551
	-2.088366096e-16	-0.6985220407	-0.7394357846	-0.6476583193	-0.7693910067
	-0.7876488315	-0.5880979444	-0.521308163	-0.7937583734	-0.4489340439
	-0.3727579952	-0.2946558841	-0.2165508416	-0.7875679813	-0.7692290424
	-0.1403658919	-0.7391922023	-0.06797657582	-0.6981961427	-0.001164738363
	-0.6472492832	-0.5876049092	-0.5207303298	-0.4482707854	-0.3720089686
	-0.293821147	-0.21563097	-0.139362103	-0.06689085978	-1.981520145e-16
	-0.751101584	-0.7050689158	-0.7866473886	-0.6496837676	-0.8108300018
	-0.8230528033	-0.5863106185	-0.5165104502	-0.8230136728	-0.4420023251
	-0.3646210672	-0.2862720818	-0.2088844271	-0.8107125077	-0.7864512344
	-0.1343632949	-0.7508263115	-0.06454307291	-0.7047139584	-0.001142145143
	-0.6492485211	-0.5857945279	-0.5159131069	-0.4413235717	-0.3638611063
	-0.2854315889	-0.2079646679	-0.1333662494	-0.0634715683	-1.862457464e-16
	-0.7990551496	-0.7581378904	-0.7072700124	-0.8290133799	-0.6477047832
	-0.8472739036	-0.8533860318	-0.5809094538	-0.5085291314	-0.8471982316
	-0.4323462779	-0.3542368194	-0.2761239482	-0.1999307525	-0.8288618899
	-0.7988275693	-0.1275328421	-0.7578338612	-0.06071213876	-0.706889146
	-0.001112969516	-0.647246735	-0.5803740079	-0.5079162958	-0.4316563848
	-0.3534706323	-0.2752827723	-0.1990165522	-0.1265483654	-0.05966105147
	-1.731912112e-16	-0.8065376309	-0.8420867408	-0.7605011501	-0.7051115998
	-0.8662722869	-0.6417334316	-0.8784978052	-0.8784613015	-0.5719276406
	-0.4974133269	-0.8661627273	-0.4200253645	-0.3416692155	-0.2642739993
	-0.1897449747	-0.8419039886	-0.8062814888	-0.1199166031	-0.7601714052
	-0.05650735249	-0.7047080831	-0.001077353539	-0.6412560924	-0.5713766303
	-0.4967890912	-0.4193287424	-0.3409015431	-0.2634372203	-0.188841757
	-0.1189504639	-0.05548279224	-1.590688947e-16	-0.8090485574	-0.8499693631
	-0.8799307445	-0.7581766474	-0.6986068525	-0.8981941413	-0.6318064146
	-0.9043089786	-0.8981237987	-0.5594204612	-0.4832314923	-0.8797900108
	-0.4051154836	-0.3269956843	-0.2507952457	-0.1783898484	-0.8497581583
	-0.8087668035	-0.111561494	-0.7578243169	-0.05195459999	-0.6981840308
	-0.001035481136	-0.6313133736	-0.5588577424	-0.4825999971	-0.4044165704
	-0.326231271	-0.2499679193	-0.1775029813	-0.1106193684	-0.05096254137
	-1.439658656e-16	-0.8526125344	-0.8065723229	-0.8881649817	-0.9123535567
	-0.7511785902	-0.6877957626	-0.9245818892	-0.6179848391	-0.9245480634
	-0.9122520753	-0.543464945	-0.4660709948	-0.8879958401	-0.387708501
	-0.3103066418	-0.2357707426	-0.1659353403	-0.8523757512	-0.8062679776
	-0.1025189883	-0.7508068753	-0.04708191471	-0.6873570467	-0.0009875772303
	-0.6174797407	-0.5428944143	-0.4654364027	-0.3870117346	-0.3095502062
	-0.2349578691	-0.1650701021	-0.1016064237	-0.04612815858	-1.27975239e-16
	-0.8909241449	-0.8499998549	-0.7991240845	-0.9208886939	-0.9391550144
	-0.7395500182	-0.6727448885	-0.9452726026	-0.6003538361	-0.9390900539
	-0.9207588049	-0.5241593912	-0.4460375726	-0.8907294059	-0.3679116824
	-0.2917049339	-0.2192930781	-0.1524581971	-0.8497404194	-0.7988002232
	-0.09284479984	-0.7391621721	-0.04191930504	-0.6722937337	-0.0009339065626
	-0.599840357	-0.5235849613	-0.4454040425	-0.3672214737	-0.29096114
	-0.2184995716	-0.1516197435	-0.09196717933	-0.04100944079	-1.111956025e-16
	-0.9237468667	-0.8881911397	-0.8421473384	-0.7867496672	-0.9479384656
	-0.9601696259	-0.7233625342	-0.6535469409	-0.9601384842	-0.5790220334
	-0.9478450728	-0.9235913268	-0.5016227609	-0.4232546824	-0.8879736486
	-0.3458470323	-0.2713052016	-0.2014638021	-0.1380414731	-0.8418682165
	-0.7864094039	-0.08259853965	-0.7229618437	-0.0364985695	-0.6530868266
	-0.0008747722219	-0.5785038605	-0.5010483371	-0.422626344	-0.3451677376
	-0.2705786298	-0.2006944594	-0.1372348042	-0.08176104718	-0.03563793832
	-9.373040811e-17	-0.9508780441	-0.920910389	-0.8799827381	-0.8291033144
	-0.7695252792	-0.9691472632	-0.9752675892	-0.7027158599	-0.630320209
	-0.9690876565	-0.5541208837	-0.9507589286	-0.9207319727	-0.4759939422
	-0.3978627368	-0.8797453642	-0.3216505407	-0.2492331748	-0.1823928006
	-0.1227740181	-0.8288074972	-0.7691717509	-0.07184334838	-0.7023056272
	-0.03085310084	-0.629854618	-0.0008105139249	-0.5536016922	-0.4754233986
	-0.397243666	-0.3209864355	-0.2485282935	-0.181652271	-0.1220039464
	-0.07105093496	-0.03004676035	-7.568733461e-17	-0.9721501331	-0.9479555781
	-0.9123966861	-0.8663494762	-0.8109481283	-0.7475570403	-0.9843840798
	-0.9843555912	-0.6777372186	-0.6032078289	-0.9720647298	-0.5258038528
	-0.9478134523	-0.9121981779	-0.4474308932	-0.370018239	-0.8660951019
	-0.2954713447	-0.2256248966	-0.1621976181	-0.1067499299	-0.8106386188
	-0.7471933902	-0.06064550726	-0.677320743	-0.02501768031	-0.602740228
	-0.0007415060643	-0.5252872841	-0.4468680495	-0.3694124323	-0.2948265968
	-0.2249460341	-0.1614903736	-0.1060210488	-0.05990285829	-0.02427037075
	-5.717762352e-17	-0.9874317311	-0.9691596878	-0.9391890371	-0.8982581888
	-0.8473753422	-0.7877936456	-0.7209803262	-0.9935547418	-0.9873773836
	-0.6485805499	-0.5723768999	-0.9690511439	-0.4942454721	-0.9390266096
	-0.8980423739	-0.4161096671	-0.3398928163	-0.8471068509	-0.2674708089
	-0.2006258848	-0.1410027327	-0.09006797373	-0.7874734446	-0.7206096878
	-0.04907402956	-0.6481611092	-0.01902826338	-0.5719107195	-0.0006681555507
	-0.493735113	-0.4155582657	-0.3393041673	-0.2668494528	-0.1999772016
	-0.1403330396	-0.08938462772	-0.04838553358	-0.0183443755	-3.831539338e-17
	-0.9843917311	-0.9966283846	-0.9601943286	-0.9246324228	-0.8785820108
	-0.8231772587	-0.7597825608	-0.6899589321	-0.9966024886	-0.9843141292
	-0.6154255584	-0.5380174533	-0.9600652841	-0.4596402621	-0.9244523913
	-0.8783516652	-0.3822233262	-0.3076721628	-0.8228975228	-0.2378215302
	-0.1743902344	-0.1189387891	-0.07283097402	-0.7594546524	-0.6895844128
	-0.03720023521	-0.6150063916	-0.01292175814	-0.5375560681	-0.000590899473
	-0.4591396233	-0.3816870099	-0.3071044374	-0.2372274417	-0.173775697
	-0.1183106796	-0.07219722955	-0.0365699543	-0.01230530319	-1.921693609e-17
	-0.9752827982	-0.9935575581	-0.9996831707	-0.9453092942	-0.9043754367
	-0.8534894113	-0.7939043608	-0.7270875174	-0.6546840624	-0.9935083215
	-0.9751845184	-0.5784766055	-0.5003412796	-0.9451623672	-0.4222015321
	-0.9041804801	-0.8532472916	-0.3459807515	-0.2735548933	-0.7936162294
	-0.2067062736	-0.1470796674	-0.09614179314	-0.05514518017	-0.7267548544
	-0.6543087273	-0.02509731122	-0.5780608945	-0.006735798013	-0.4998879892
	-0.0005102026011	-0.4217140277	-0.3454630413	-0.2730117069	-0.2061431452
	-0.1465030226	-0.09555903897	-0.05456479845	-0.02452895315	-0.006190379699
	-2.999519565e-32	-0.9601610665	-0.9843611808	-0.9966004347	-0.9965770464
	-0.9245963206	-0.8785429278	-0.8231350475	-0.7597370767	-0.6899100417
	-0.6153731504	-0.9842911208	-0.9600446538	-0.5379614482	-0.4595806221
	-0.9244341015	-0.3821600648	-0.8783356976	-0.8228838803	-0.3076053542
	-0.2377513191	-0.7594433626	-0.1743168452	-0.1188625365	-0.07275227285
	-0.03711961168	-0.6895755314	-0.6150000062	-0.01283986062	-0.5375523005
	-0.000508509827	-0.4591386323	-0.0004265547535	-0.381688992	-0.3071096277
	-0.237236114	-0.1737881627	-0.1183272865	-0.07221836012	-0.03659602291
	-0.01233675295	-3.729867605e-05	1.921693609e-17	-0.9391197408	-0.9690959357
	-0.987373282	-0.9935013914	-0.9873289654	-0.8981830766	-0.8472941222
	-0.787706021	-0.720886014	-0.6484793004	-0.5722685173	-0.9690075286
	-0.9389877037	-0.4941298342	-0.4159867448	-0.8980081208	-0.3397626928
	-0.8470772336	-0.7874484919	-0.2673336981	-0.2004821509	-0.7205894812
	-0.1408529097	-0.08991278596	-0.04891441262	-0.01886538618	-0.6481457904
	-0.5719004966	-0.0005034426589	-0.4937302657	0.005721720955	-0.4155591488
	-0.0003404680576	-0.3393112124	-0.2668631691	-0.1999981746	-0.1403619293
	-0.08942216562	-0.04843251793	-0.0184016656	-6.850892942e-05	0.006116010915
	3.831539338e-17	-0.9122885223	-0.947855921	-0.972058594	-0.9843003228
	-0.9842793384	-0.9719957602	-0.8662323763	-0.8108216423	-0.7474207235
	-0.6775906613	-0.6030506868	-0.5256358776	-0.9477515992	-0.9121433277
	-0.447251962	-0.3698283827	-0.8660471969	-0.2952707768	-0.8105976647
	-0.7471594659	-0.2254140411	-0.1619771385	-0.6772940122	-0.1065207595
	-0.06040888037	-0.02477516417	-0.0004950344805	-0.6027209502	-0.5252758231
	0.0118358928	-0.4468648799	0.01191648665	-0.3694181433	-0.000252474126
	-0.2948418941	-0.2249717392	-0.1615274223	-0.1060704865	-0.05996583477
	-0.02434813249	-9.388029149e-05	0.01220015471	0.01223161868	5.717762352e-17
	-0.8798328095	-0.920772071	-0.9507507822	-0.9690305697	-0.9751610543
	-0.968990949	-0.9506717914	-0.8289411757	-0.7693503184	-0.7025274903
	-0.630117911	-0.5539042455	-0.4757627002	-0.9206542187	-0.8796768764
	-0.397616814	-0.3213900843	-0.8287482357	-0.2489585939	-0.7691217658
	-0.7022650741	-0.1821048039	-0.1224736533	-0.6298237734	-0.07153204267
	-0.03053270367	-0.0004833406681	0.01787819303	-0.5535809673	-0.4754133496
	0.02410207392	-0.3972450006	0.0180375938	-0.3210000166	-0.000163121179
	-0.24855514	-0.181693556	-0.1220609933	-0.07112521104	-0.03013986794
	-0.0001136649223	0.01821447973	0.02439361114	0.01827182669	7.568733461e-17
	-0.8880113488	-0.8419526784	-0.9235812065	-0.9477862745	-0.9600303394
	-0.9600116408	-0.9477303082	-0.9234883651	-0.7865393585	-0.7231358024
	-0.6533030686	-0.578760413	-0.5013429457	-0.4229564358	-0.8878822974
	-0.8417883714	-0.345530375	-0.2709704576	-0.7863410622	-0.201111646
	-0.7229051237	-0.6530419891	-0.1376729776	-0.08221522563	-0.5784713281
	-0.0361024579	-0.0004684381983	0.02381130057	0.03614102436	-0.501028709
	-0.4226204069	0.03621947552	-0.3451764719	0.02404729827	-0.2706032118
	-7.29711406e-05	-0.2007362609	-0.1372953888	-0.08184216385	-0.03574151187
	-0.0001281185869	0.02412149807	0.03641055758	0.03643669726	0.02419940194
	9.373040811e-17	-0.8497757173	-0.8907173655	-0.7988816492	-0.9206984125
	-0.9389804864	-0.9451132128	-0.9389453126	-0.920628333	-0.8906129225
	-0.7392883181	-0.6724629918	-0.6000509112	-0.5238347706	-0.4456908127
	-0.367542621	-0.8496377401	-0.7987112716	-0.2913137451	-0.2188803282
	-0.7390870032	-0.1520249001	-0.6722325608	-0.5997935779	-0.09239247636
	-0.04145004298	-0.5235531802	-0.0004504251034	0.02959857084	0.04795898117
	0.05418086399	-0.445388085	-0.3672223972	0.04811338505	-0.2909802377
	0.0299085375	-0.2185383741	1.740326013e-05	-0.1516800155	-0.09205091392
	-0.04111884989	-0.0001375014177	0.02988441412	0.04820796542	0.05438218868
	0.04825517718	0.02997780598	1.111956025e-16	-0.852361864	-0.8063008942
	-0.8879339854	-0.7508852463	-0.9121412789	-0.9243875327	-0.9243709909
	-0.9120917903	-0.8878519634	-0.8522480071	-0.6874793466	-0.6176442723
	-0.543099305	-0.4656795879	-0.38729093	-0.3098628708	-0.8061562005
	-0.7507110331	-0.2353011601	-0.1654408234	-0.6872772752	-0.102000969
	-0.6174163779	-0.5428480305	-0.04654244956	-0.0004294197792	-0.4654078224
	0.03520426135	0.05948295784	0.07181082487	0.07188648669	-0.3870020504
	-0.3095607871	0.05971046269	-0.2349903631	0.0355851584	-0.1651264347
	0.0001074213489	-0.101688793	-0.0462390263	-0.0001420784744	0.03546734914
	0.05971272607	0.07199726292	0.07201859247	0.05977620002	0.03557142018
	1.27975239e-16	-0.8496949913	-0.8087511644	-0.7578548984	-0.8796781919
	-0.6982593615	-0.8979623922	-0.9040972195	-0.8979313988	-0.8796164843
	-0.8496031332	-0.808630015	-0.6314318382	-0.5590175921	-0.482799347
	-0.4046533819	-0.3265033236	-0.2502727726	-0.7577056278	-0.6980834717
	-0.1778379301	-0.1109813915	-0.6312311884	-0.05134824589	-0.5587944286
	-0.4825563363	-0.0004055601517	0.0405937519	-0.4043936485	0.07064178755
	0.0890004795	0.0952197751	0.08914872289	-0.32623049	-0.2499910025
	0.070939193	-0.1775519736	0.04104213963	-0.1106966321	0.0001964972919
	-0.05107074847	-0.0001421201082	0.04083556029	0.07085356336	0.08917294907
	0.09534274879	0.08921105548	0.07092874911	0.04094576542	1.439658656e-16
	-0.8417913717	-0.8062171796	-0.7601541284	-0.704736398	-0.8660007196
	-0.6413284293	-0.8782490102	-0.8782344892	-0.8659572974	-0.841719474
	-0.8061175241	-0.760027737	-0.57149132	-0.496944378	-0.419522779
	-0.3411323718	-0.2637027421	-0.189139693	-0.704584614	-0.6411529388
	-0.1192783106	-0.05583777131	-0.5712941774	-0.0003790027086	-0.4967280353
	-0.419290119	0.04573375779	0.08136656139	-0.3408867434	0.1056436751
	0.1179691504	0.1180415012	0.1058611312	-0.2634479995	-0.188880236
	0.08173032522	-0.1190191273	0.04624580671	-0.05558448144	0.0002840427677
	-0.0001379021427	0.04595565284	0.08156147083	0.1058030129	0.1180834846
	0.1181005179	0.1058536018	0.08164407998	0.04606771468	1.590688947e-16
	-0.8286995756	-0.7987144019	-0.7577685981	-0.7068703599	-0.6472728687
	-0.8469857406	-0.5804434268	-0.8531225231	-0.8469586498	-0.8286456788
	-0.7986342736	-0.7576631115	-0.7067407006	-0.5080273217	-0.4318073064
	-0.353659696	-0.2755081594	-0.1992763462	-0.1268405132	-0.6471205522
	-0.5802703206	-0.05998331871	-0.0003499214053	-0.5078356705	0.05059253494
	-0.4315997611	-0.3534393451	0.09159105275	0.1216376387	-0.2752785638
	0.139994128	0.1462103647	0.140135288	0.1219206541	-0.1990415752
	-0.126605183	0.09201729946	-0.05975263164	0.05116403872	-0.0001297058797
	0.0003694694826	0.05079578422	0.09177013525	0.1217846097	0.1401002626
	0.1462661239	0.1401302893	0.1218436464	0.09185614421	0.05090569736
	1.731912112e-16	-0.8105001711	-0.7862889383	-0.7507128637	-0.7046479396
	-0.6492283574	-0.5858185744	-0.8227503447	-0.5159797092	-0.8227377039
	-0.8104623916	-0.7862264504	-0.7506263918	-0.7045385124	-0.6490973229
	-0.4414310965	-0.3640079444	-0.2856161402	-0.2081853143	-0.1336213213
	-0.06375930504	-0.5856676176	-0.5158108744	-0.000318506454	0.05514007545
	-0.4412468119	0.1012521252	-0.3638110504	-0.2854099192	0.1368836094
	0.1611587038	-0.2079735238	0.1734813626	0.1735499969	0.1613649025
	0.1372282526	-0.1334082274	-0.06354971844	0.1017366562	-0.0001178179406
	0.05576646523	0.0553258586	0.0004521914821	0.1014163436	0.1370189166
	0.1612570337	0.173533899	0.1735471463	0.161296271	0.1370826282
	0.1015019968	0.05542989394	1.862457464e-16	-0.7690172566	-0.7873052258
	-0.7390302858	-0.6980826986	-0.6471827012	-0.5875834889	-0.5207523835
	-0.7934438161	-0.4483346961	-0.7872817537	-0.7689705984	-0.7389610175
	-0.6979916939	-0.647071143	-0.5874528847	-0.3721132095	-0.2939642734
	-0.215811598	-0.1395788796	-0.06714242865	-0.0002849630059	-0.5206045833
	-0.4481719145	0.05934829255	0.1102901216	-0.3719380495	0.1512874475
	-0.2937797535	-0.2156211805	0.1813321916	0.1996860978	-0.1393865015
	0.2058989132	0.1998194751	0.1815994336	0.1516895159	-0.06695253256
	-0.000102529954	0.1108284263	0.05951771096	0.06002465228	0.110440371
	0.0005316272042	0.1514117396	0.1814230745	0.1997354289	0.2058978341
	0.1997583913	0.1814679978	0.1514766171	0.1105221844	0.05961241991
	1.981520145e-16	-0.7470057118	-0.7227927602	-0.7592576154	-0.6872149836
	-0.6411483836	-0.5857271646	-0.5223158007	-0.4524754323	-0.7592467128
	-0.3779254206	-0.7469731463	-0.7227389604	-0.6871406701	-0.6410545775
	-0.5856151999	-0.5221873397	-0.3005010057	-0.2221081119	-0.1446764131
	-0.07011181272	-0.0002495097385	0.06319119372	-0.4523324841	-0.3777703616
	0.1186492312	0.1647602136	-0.3003366032	0.2003900276	-0.2219375495
	-0.1445033171	0.2246627636	0.2369822843	-0.06994028043	0.2370469046
	0.2248568195	0.200714098	0.165215243	-8.413810094e-05	0.06334527918
	0.1192365	0.1187863477	0.06391227608	0.1648740932	0.0006072012117
	0.2004737909	0.2247088951	0.2369826106	0.2369925759	0.2247382948
	0.2005211353	0.1649368941	0.1188611117	0.06342749771	2.088366096e-16
	-0.7021002745	-0.7203898906	-0.6721116762	-0.726530142	-0.6311624892
	-0.5802609308	-0.5206602121	-0.4538276742	-0.3814086523	-0.7203697522
	-0.305185958	-0.702060281	-0.6720523971	-0.6310847871	-0.5801659711
	-0.5205494754	-0.4537029716	-0.2270359751	-0.1488824531	-0.07264913355
	-0.0002123773587	0.06664504089	0.1262778339	-0.3812721438	-0.3050401721
	0.1772187168	0.2182145385	-0.2268838312	0.2482571401	-0.1487272848
	-0.07249471349	0.2666081799	0.2728173138	-6.294252777e-05	0.2667332837
	0.2485076403	0.2185910091	0.1777219908	0.06678476346	0.1264026017
	0.1269089707	0.1773227472	0.06740528356	0.2182914851	0.0006783455345
	0.2483000716	0.2666095603	0.2727689867	0.2666264591	0.2483328862
	0.2183382472	0.1773804979	0.1264673846	0.06685161574	2.182336576e-16
	-0.65286578	-0.6770802903	-0.6893337738	-0.6172864731	-0.6893244675
	-0.5712183814	-0.5157957234	-0.4523829905	-0.3825413451	-0.3079901744
	-0.6770525114	-0.2305647495	-0.6528199501	-0.6172232999	-0.5711388662
	-0.5157011708	-0.4522750217	-0.3824219128	-0.1521710308	-0.07473873334
	-0.0001738070342	0.06968849678	0.1331288182	0.1885860271	-0.3078615799
	-0.230429662	0.2346956652	0.2703235442	-0.1520325077	0.2945936739
	-0.0746002418	-3.92466389e-05	0.3069098315	0.3069702412	0.06981477178
	0.2947750035	0.2706260896	0.2351199025	0.1891325875	0.1332419764
	0.1886807382	0.1337984539	0.2347660795	0.07048203846	0.2703632737
	0.0007445005329	0.2945957757	0.3068667938	0.3068739728	0.2946168266
	0.270396737	0.2348095192	0.1887307365	0.1332941273	0.06986367338
	2.262852225e-16	-0.6295958463	-0.599605782	-0.647886957	-0.6540287251
	-0.5586551669	-0.64786987	-0.507752231	-0.448150201	-0.3813164376
	-0.3088963	-0.2326726277	-0.6295619494	-0.1545218375	-0.5995556319
	-0.5585896055	-0.5076723931	-0.448057525	-0.3812126778	-0.3087835415
	-0.07636771638	-0.0001340487654	0.07230275642	0.1391598712	0.1987919494
	0.2497316417	-0.2325533025	-0.1543987422	0.2907257271	0.3207659715
	-0.07624403106	0.3391139525	-1.33562814e-05	0.07241645063	0.3453192405
	0.3392304875	0.1392621196	0.3209991506	0.2910757586	0.2501988148
	0.1993766072	0.1988778434	0.2497957939	0.1398623767	0.290762255
	0.07312345213	0.3207684833	0.000805115182	0.3390755357	0.3452324531
	0.339087353	0.3207911563	0.2907938586	0.2498334361	0.1989176606
	0.1392992707	0.0724451111	2.329416637e-16	-0.6024452425	-0.5782293264
	-0.5426486504	-0.6147001601	-0.6146923104	-0.4965792378	-0.6024218297
	-0.441155321	-0.3777414095	-0.3078986871	-0.2333465665	-0.1559203486
	-0.5781907605	-0.07752602833	-0.542595619	-0.4965127118	-0.4410765631
	-0.3776519846	-0.3078004741	-0.2332417725	-9.335971106e-05	0.07447166311
	0.1443337397	0.2077734557	0.2632296213	0.3093377132	-0.155811524
	-0.07741608267	0.3449634728	0.3692308343	1.442116723e-05	0.3815434942
	0.07457360024	0.144425744	0.3815995917	0.3693991377	0.2078510117
	0.3452440107	0.3097305185	0.2637347106	0.2083908016	0.263287772
	0.3093710459	0.1450632382	0.3449661078	0.07531309813	0.3691964153
	0.0008596466477	0.3814651819	0.3814700606	0.3692105761	0.3449881249
	0.3093985404	0.2633174086	0.2078784948	0.1444458129	0.07458002503
	2.381619421e-16	-0.5532888083	-0.5715812679	-0.5232974303	-0.4823455468
	-0.5777244125	-0.571566956	-0.4314414008	-0.5532604527	-0.371838235
	-0.3050034296	-0.232582367	-0.1563579138	-0.07820651796	-0.5232555693
	-5.200247857e-05	-0.4822909936	-0.4313752494	-0.3717618689	-0.3049185317
	-0.2324909311	-0.1562622574	0.07618180801	0.1486184594	0.2154750735
	0.2751062489	0.3260445762	0.3670367687	-0.07810929619	4.377779542e-05
	0.3970745217	0.4154193372	0.07627277345	0.421620705	0.1487008557
	0.2155447517	0.4155271921	0.3972901665	0.2751586525	0.367360065
	0.3264752966	0.2756440548	0.2161194879	0.3260747291	0.3670392666
	0.149368838	0.3970435243	0.07703730975	0.4153485638	0.0009075589963
	0.4215034336	0.4153562609	0.3970579799	0.3670586026	0.3260961251
	0.2751783435	0.2155580248	0.1487020466	0.076255265	2.41913873e-16
	-0.5007207315	-0.5249379089	-0.5371941209	-0.4651388367	-0.4190682594
	-0.5371875919	-0.524918453	-0.3636432466	-0.5006887436	-0.3002283254
	-0.2303847004	-0.1558318092	-0.07840498103	-1.024339318e-05	-0.4650949781
	0.07742261277	-0.4190134626	-0.3635787218	-0.3001555687	-0.2303055034
	-0.1557482695	-0.07831951387	0.1519875519	0.2218492275	0.2852881744
	0.340743147	0.3868495612	0.4224730926	7.440622617e-05	0.07750335771
	0.4467376045	0.4590467177	0.1520609507	0.4590984909	0.2219114728
	0.285335082	0.4468928501	0.4227315848	0.3407701468	0.3872109109
	0.3412067843	0.2858533254	0.22251489	0.3868516898	0.4224449878
	0.1527524705	0.4466735033	0.07828525977	0.4589404566	0.000948320831
	0.4589435097	0.4466821993	0.4224579366	0.3868665732	0.3407837164
	0.285343157	0.2219089379	0.1520417553	0.07746051577	2.441743244e-16
	-0.47505767	-0.4450651205	-0.4933513404	-0.4994957266	-0.4041121154
	-0.3532069108	-0.4933395361	-0.4750343184	-0.2936027654	-0.4450307373
	-0.2267670784	-0.1543452545	-0.07812018599	3.16492433e-05	0.07818639478
	-0.4040674785	0.1544201881	-0.353153065	-0.2935410294	-0.2266990518
	-0.154272827	-0.07804554698	0.0001060007456	0.2268565329	0.2937125043
	0.3533426495	0.4042795027	0.4452697164	0.4753049196	0.07825763972
	0.1544851772	0.4936465434	0.4998440019	0.2269117772	0.4937457812
	0.2937541663	0.3533665359	0.4755031644	0.4455664992	0.404281059
	0.4046741021	0.3538340727	0.2942994647	0.227537429	0.4452440234
	0.4752466931	0.155193086	0.4935501361	0.07904902165	0.4997034094
	0.0009814015895	0.4935546513	0.4752548091	0.4452539111	0.404289973
	0.3533708132	0.2937492248	0.2268921154	0.1544443748	0.07818836066
	2.449293598e-16	-0.4222480917	-0.4464663949	-0.3866651166	-0.4587237685
	-0.4587184291	-0.3405935165	-0.2851675528	-0.4464505019	-0.4222220218
	-0.2217517698	-0.3866295001	-0.1519073924	-0.0773538814	7.340689192e-05
	0.07846841451	0.155901316	-0.3405492407	0.2304660373	-0.2851157673
	-0.2216938926	-0.1518451167	-0.07728918379	0.0001382584796	0.07853085215
	0.3003271891	0.363765259	0.4192189496	0.4653236204	0.5009448856
	0.5252065424	0.1559584635	0.2305147026	0.5375121405	0.5375596623
	0.3003638571	0.525348953	0.3637860863	0.4192197608	0.5011817165
	0.4656540788	0.4652999062	0.419641902	0.3642792111	0.3009302654
	0.2311559643	0.5008918043	0.5251189236	0.1566754151	0.5373844925
	0.07932361161	0.537386183	0.001006266145	0.5251235445	0.5008980026
	0.4653054263	0.4192214435	0.363779868	0.3003447693	0.2304768734
	0.1558951203	0.07843432737	2.441743244e-16	-0.3668347714	-0.3968283608
	-0.4151231122	-0.3258807783	-0.4212686113	-0.4151135588	-0.2749746507
	-0.2153696629	-0.3968094983	-0.3668070893	-0.1485332324	-0.3258450142
	-0.07611078501	0.000114762503	0.07826690466	0.1564217537	0.232655412
	-0.274931794	0.3050913441	-0.2153209594	-0.1484801897	-0.07605517917
	0.0001708806055	0.07832120239	0.1564716101	0.3719465821	0.4315756257
	0.482510957	0.5234991718	0.5535318378	0.5718703198	0.2326979116
	0.305123272	0.5780639605	0.5719611695	0.3719644197	0.5537131482
	0.4315755488	0.4824888356	0.5237701575	0.4828704226	0.523450573
	0.432021947	0.3724776857	0.3057046893	0.2333479808	0.5534520309
	0.5717542853	0.1571900565	0.5779064026	0.079107011	0.5717565325
	0.001022367225	0.5534556361	0.5234537573	0.4824889302	0.431568994
	0.3719467655	0.3050891787	0.2326411526	0.1563850775	0.07819691566
	2.41913873e-16	-0.3091593567	-0.3447432854	-0.3689625886	-0.3812209986
	-0.2630868613	-0.3812167237	-0.3689498824	-0.2076600747	-0.1442435578
	-0.3447225042	-0.309131096	-0.07439855452	-0.2630519583	0.0001554522189
	0.07758308105	0.1559782457	0.2334110888	0.3079755008	-0.2076196124
	0.3778360531	-0.1441988687	-0.07435122578	0.0002035735891	0.07762988289
	0.1560213455	0.2334478293	0.4412731898	0.496725566	0.5428284889
	0.5784475161	0.6027063835	0.615008574	0.3080029461	0.3778509862
	0.6150519986	0.602836425	0.4412721119	0.5786634743	0.4967046978
	0.5427837747	0.5431291842	0.4971093224	0.5783746305	0.4417378142
	0.3783788147	0.3085931166	0.2340997221	0.6026007414	0.6148653448
	0.1567335276	0.6148661237	0.07840016815	0.6026026399	0.001029134978
	0.5783763336	0.5427830906	0.4966985574	0.4412565689	0.3778212183
	0.3079532574	0.2333716545	0.1559112581	0.0774776067	2.381619421e-16
	-0.2905322994	-0.2495774388	-0.320526808	-0.3388225193	-0.34496901
	-0.1986705083	-0.338814973	-0.3205119455	-0.1390647972	-0.07222774023
	-0.2905105817	-0.2495495596	0.0001952170423	-0.1986373965	0.07642113511
	0.1545734829	0.2327283439	0.3089617883	0.381397245	-0.1390276201
	0.4482517064	-0.07218790719	0.0002360504331	0.07646106325	0.1546103463
	0.2327597258	0.3089850125	0.5078796289	0.5588134469	0.5997997043
	0.629829912	0.6481653734	0.6543553642	0.3814093744	0.4482495437
	0.6482482219	0.6299950696	0.5078597191	0.6000460835	0.5587720823
	0.5997329324	0.5591393976	0.5082829169	0.6297335472	0.4487294908
	0.381946058	0.3095775245	0.2334062692	0.6480350114	0.6541864018
	0.1553082761	0.6480358798	0.07720697929	0.6297344202	0.001025962738
	0.5997320823	0.558766917	0.5078467827	0.4482245171	0.3813670772
	0.308919407	0.2326639236	0.1544766181	0.07628085404	2.329416637e-16
	-0.2701144049	-0.2345296373	-0.18845636	-0.2943345922	-0.3065939216
	-0.3065905928	-0.1330288621	-0.2943247171	-0.2700983175	-0.06961171994
	0.0002338044606	-0.2345078959	-0.1884297482	0.07478820791	-0.1329983916
	0.152216086	0.2306113264	0.3080440429	0.3826080936	0.4524680141
	-0.06957863311	0.515904209	0.0002680319271	0.0748218639	0.1522472193
	0.2306377449	0.3080633117	0.3826175357	0.5713552902	0.6174565174
	0.6530733964	0.6773296063	0.6896285686	0.689668127	0.4524647113
	0.515885006	0.677447976	0.653269657	0.5713168002	0.6177291204
	0.6173951313	0.6529852949	0.5717020384	0.5163222321	0.677210776
	0.4529537428	0.3831572395	0.3086515927	0.2312715627	0.6894748222
	0.6894751277	0.1529226533	0.677211267	0.07553424744	0.6529846946
	0.001012187608	0.617391312	0.5713067829	0.5158649612	0.4524299605
	0.3825625543	0.3079817348	0.2305223751	0.1520900399	0.07461405625
	2.262852225e-16	-0.2180361973	-0.2480315151	-0.1770805771	-0.126172949
	-0.2663280746	-0.2724754433	-0.2663223057	-0.06656661635	-0.2480201922
	-0.218019751	0.0002709700177	0.07269434613	-0.1770596546	-0.1261484155
	0.1489205518	-0.06653955711	0.2270730327	0.3052278462	0.3814610335
	0.4538959913	0.5207496764	0.000299247888	0.5803765059	0.0727223117
	0.1489464487	0.2270948778	0.3052434296	0.3814679194	0.4538915201
	0.6313088713	0.6722932693	0.7023211592	0.7206537877	0.7268403689
	0.7207291725	0.5207309697	0.5803404729	0.7024712471	0.672516687
	0.6312522186	0.6316035353	0.6722125139	0.7022126452	0.580739596
	0.5211776062	0.7205137073	0.4543843789	0.3820046805	0.3058207369
	0.2277083687	0.7266647879	0.7205140608	0.1495908477	0.7022125139
	0.07339161847	0.6722102212	0.0009870638361	0.6312452496	0.5803254745
	0.520703752	0.4538470584	0.3814003584	0.3051460905	0.2269602682
	0.1487662779	0.07248751149	2.182336576e-16	-0.2001987735	-0.1646132702
	-0.2244197391	-0.1185393109	-0.06311119761	-0.2366798794	-0.2366773856
	-0.2244123611	0.0003064788228	-0.2001868223	-0.1645972649	0.07015244001
	0.1447071642	-0.1185199793	-0.06308947748	0.222135226	0.0003294383801
	0.30053049	0.3779630439	0.4525267169	0.5223860126	0.5858213005
	0.07017527764	0.6412711536	0.1447283054	0.2221528829	0.3005426618
	0.3779675186	0.4525210747	0.5223676309	0.6873707891	0.722985666
	0.7472394121	0.7595353926	0.7595713889	0.7473470271	0.5857873613
	0.6412186539	0.7231637725	0.6876174902	0.6872965543	0.6415837572
	0.722886367	0.7471115871	0.5861962861	0.5228189945	0.7593754729
	0.4530124105	0.3784952426	0.3011020679	0.2227381886	0.7593757305
	0.7471119471	0.1453327784	0.7228855913	0.07079149247	0.6872925789
	0.0009497258818	0.6412085897	0.585767494	0.5223334228	0.4524671679
	0.3778877398	0.3004300308	0.2219996248	0.1445258677	0.06991435408
	2.088366096e-16	-0.1811273082	-0.1511312804	-0.1101749961	-0.1994246133
	-0.05926676152	0.0003401069893	-0.2055727541	-0.1994204068	-0.1811190945
	0.06717814381	-0.1511194586	-0.1101601654	0.1396018684	0.215828302
	-0.05924972167	0.0003583549046	0.2939808695	0.06719639702	0.3721356051
	0.4483685243	0.5208029952	0.5876559434	0.647281751	0.1396187223
	0.6982127716	0.2158421505	0.2939899064	0.3721378265	0.4483617323
	0.5207848037	0.5876237859	0.7391954596	0.7692212284	0.7875512735
	0.7937347529	0.7876198739	0.7693576152	0.6472328915	0.698144318
	0.7393979929	0.698478961	0.7391043818	0.6476082219	0.7691043795
	0.7874054166	0.5880383947	0.5212361544	0.7935565925	0.4488461052
	0.3726502811	0.2945242784	0.2163911115	0.7874060934	0.7691049205
	0.1401739476	0.7391031616	0.06774890835	0.6981388984	0.0008991363531
	0.6472200215	0.5875994026	0.5207440343	0.4482988973	0.3720464465
	0.2938627113	0.2156710934	0.1393949994	0.06691047373	1.981520145e-16
	-0.1367177053	-0.1609393532	-0.1011315583	-0.05505700422	-0.1732002046
	0.0003716429958	0.06378977923	-0.1731984422	-0.1609341614	-0.1367093716
	0.1336361113	-0.1011205615	-0.05504401518	0.208191101	0.2856193045
	0.0003857615487	0.06380397266	0.3640145658	0.1336491335	0.4414469498
	0.5160102606	0.5858689737	0.6493034281	0.7047521626	0.2082015154
	0.750850357	0.285625486	0.3640147035	0.4414390514	0.5159921585
	0.5858383336	0.6492577591	0.7864634292	0.8107149613	0.823008268
	0.8230410748	0.8108129446	0.7866252717	0.7046888321	0.7507666078
	0.75107384	0.7050341326	0.7863564011	0.6496397525	0.810581718
	0.8228458284	0.5862544871	0.516438708	0.8228464508	0.4419109337
	0.3645055096	0.2861274558	0.2087056108	0.8105831852	0.7863575135
	0.1341452514	0.7507653657	0.06428139777	0.7046824354	0.0008340109986
	0.6492426076	0.5858100276	0.5159455016	0.4413680541	0.3639125906
	0.2854847074	0.2080137616	0.1334053573	0.06349441768	1.862457464e-16
	-0.09146473837	-0.1214613873	-0.1397593446	-0.05050787407	0.0004008889614
	-0.1459081598	0.0600082223	0.1268466472	-0.1397565012	-0.1214558839
	-0.09145694221	0.1992706685	-0.05049833557	0.0004114360857	0.275497291
	0.3536499217	0.06001886163	0.1268562805	0.4318045746	0.1992780169
	0.5080372431	0.5804712707	0.6473235559	0.7069484509	0.7578782762
	0.2755008979	0.79885945	0.3536481554	0.4317956333	0.5080191614
	0.5804419279	0.647280687	0.706889661	0.8288833451	0.8472111125
	0.8533918601	0.8472737391	0.8290076648	0.7990435803	0.7578010574
	0.7987612032	0.7581193551	0.7072425919	0.8287614062	0.6476657902
	0.8470627838	0.8532144476	0.5808554796	0.5084560841	0.8470645965
	0.4322494121	0.3541107743	0.2759628252	0.199728285	0.8287642448
	0.7987634937	0.1272827474	0.7578004384	0.0604088024	0.7068829828
	0.0007527076687	0.6472640122	0.5804105316	0.5079675342	0.431717486
	0.3535364262	0.2753477649	0.1990749147	0.1265939238	0.05968727657
	1.731912112e-16	-0.0456474116	-0.08123412109	-0.1054563646	-0.1177178359
	0.0004276618291	0.05585677464	-0.1177167091	0.1192753109	0.1891219646
	-0.1054530719	-0.08122892591	-0.04564075263	0.2636771829	0.0004351710165
	0.05586434636	0.3411055064	0.4195007615	0.1192819846	0.1891266083
	0.4969329936	0.2636784965	0.5714959854	0.6413541891	0.7047879171
	0.7602356797	0.8063326248	0.3411020245	0.841944135	0.4194908589
	0.4969148917	0.5714677609	0.6413137845	0.7047331555	0.7601642811
	0.8661937532	0.8784847504	0.8785148027	0.8662834172	0.8420919238
	0.8065360317	0.8062422278	0.8418323221	0.7604911354	0.7050907309
	0.866058082	0.6416984748	0.8783227899	0.8783241769	0.5718745741
	0.4973373378	0.8660618561	0.4199208396	0.3415297437	0.2640924212
	0.1895135426	0.8418373225	0.8062465191	0.1196273749	0.7601651524
	0.05615304449	0.7047271197	0.0006530562908	0.6412965782	0.5714343448
	0.4968594536	0.4194068179	0.3409820402	0.263514481	0.1889097449
	0.1190027526	0.05551255454	1.590688947e-16	0.0004517944507	-0.04050557667
	-0.07050276733	-0.08880129235	-0.09495069268	0.05136101964	0.11096876
	-0.08879962845	0.1778075252	0.2502318075	-0.07049960724	-0.04050125556
	0.0004567745444	0.3264585981	0.05136599068	0.1109728893	0.4046112885
	0.4827658762	0.1778098177	0.2502311083	0.5589983358	0.3264535962
	0.6314319907	0.6982837167	0.7579078413	0.8088366573	0.8498165526
	0.4046005223	0.8798388662	0.4827477397	0.5589710878	0.631393765
	0.698232536	0.7578416342	0.8087532788	0.8981647111	0.9043431526
	0.8982222935	0.8799529934	0.8499851307	0.8090564976	0.8497138088
	0.8797145443	0.7581746038	0.6985918341	0.8980166156	0.6317745732
	0.9041691471	0.8980203508	0.5593670583	0.4831508519	0.8797212542
	0.4050009351	0.3268395138	0.2505886941	0.178123234	0.8497219714
	0.8087606098	0.1112246269	0.7578450856	0.05153783327	0.6982282947
	0.0005320874217	0.6313772523	0.5589369598	0.4826898896	0.4045120852
	0.3263269582	0.2500579196	0.1775810117	0.1106787093	0.05099602456
	1.439658656e-16	-0.004183468398	-0.0002922429731	0.0003855756005	-1.297776958e-05
	-0.0006640768204	-0.002131733445	0.0002072180068	-0.001205332596	0.0004731365682
	0.04654866465	-0.03511406375	-0.05933682538	-0.07159883374	-0.07159825473
	0.1019781865	0.165397076	-0.05933516832	0.2352440161	0.3097994421
	-0.03511156832	0.0004760714759	0.04655148196	0.3872278814	0.1019801724
	0.1653973622	0.465623146	0.5430552656	0.2352415826	0.3097931213
	0.6176180055	0.387216363	0.6874757985	0.7509089363	0.8063559055
	0.8524518282	0.8880620582	0.4656049839	0.9123101062	0.5430288864
	0.617581719	0.6874278111	0.7508473671	0.8062788066	0.8523572085
	0.924599207	0.9246269954	0.9123929313	0.8881982894	0.8526387134
	0.8065895187	0.8879479122	0.9121744488	0.7511841037	0.6877860012
	0.9244401141	0.617955258	0.9244426526	0.9121816905	0.5434099701
	0.4659839221	0.8879587358	0.3875813762	0.3101301347	0.2355340534
	0.1656262318	0.8523697438	0.8062904329	0.1021241646	0.7508547108
	0.04658827672	0.6874267442	0.6175673575	0.5429955901	0.4655463586
	0.3871252652	0.309661667	0.2350611609	0.1651586553	0.101673183
	0.04616556972	1.27975239e-16	0.00457411175	-0.002131740845	0.02395883295
	0.02999232358	0.04133034292	0.0357900682	0.01770522013	0.01123888975
	0.04144937004	0.0004915556855	0.09235900163	-0.02950610647	-0.04780512307
	-0.05395502712	-0.04780447094	0.1519671025	0.2188061728	-0.02950495433
	0.2912306945	0.3674576473	0.0004929040395	0.0414504601	0.09235922969
	0.4456104108	0.1519657178	0.2188022805	0.523764969	0.5999972821
	0.2912232596	0.3674455	0.6724306573	0.4455922526	0.7392819527
	0.7989054763	0.8498334995	0.8908123858	0.9208334475	0.5237393816
	0.9391577675	0.5999627372	0.67238553	0.7392245367	0.7988340035
	0.8497461626	0.8907073664	0.9453343768	0.9392113387	0.9209394671
	0.8909685858	0.8500364219	0.7991504041	0.9207089489	0.939012054
	0.7395628148	0.6727399061	0.9451658199	0.6003257385	0.9390184724
	0.9207210518	0.5241016325	0.4459422295	0.8907236851	0.3677692456
	0.2915040643	0.219020357	0.1520979657	0.8497644913	0.7988513972
	0.09237937044	0.7392373078	0.6723892454	0.5999522164	0.5237086954
	0.4455347249	0.3673537117	0.2910890574	0.2186167906	0.1517193661
	0.09204176992	0.04105101156	1.111956025e-16	0.02372405531	0.01123886755
	-0.001205362195	0.04812521753	0.05985749689	0.07118577111	0.08204683207
	0.03605536086	0.03609456621	0.08217049365	0.0005069378267	0.1376003781
	-0.02371627278	-0.03597874335	-0.03597863217	-0.02371601151	0.201019585
	0.2708667884	0.0005071326175	0.3454224141	0.4228509794	0.0360943345
	0.08216933339	0.1375976473	0.501246285	0.2010145048	0.2708584466
	0.5786783488	0.6532409227	0.3454097708	0.4228328726	0.7230984253
	0.5012214395	0.786531132	0.8419775121	0.8880726681	0.9236819317
	0.9479287893	0.5786453857	0.9602164476	0.653198372	0.7230447406
	0.7864647093	0.8418967114	0.8879758397	0.923567448	0.9602425097
	0.9480063984	0.9238093444	0.888246939	0.8421944327	0.786785142
	0.9477950818	0.9600620511	0.7233824938	0.6535463941	0.9600661144
	0.5789947459	0.9478069119	0.9235859644	0.5015610613	0.4231492069
	0.8879992392	0.3456863923	0.2710755595	0.2011483574	0.1376199246
	0.8419224655	0.7864895603	0.7230646972	0.6532087055	0.5786406267
	0.5011953755	0.4227785488	0.3453194934	0.2707237912	0.2008263292
	0.1373461123	0.081843931	0.03568392647	9.373040811e-17	0.05421079394
	0.03605532385	0.01770516093	-0.000664143418	0.07202745799	0.08938309879
	0.1061678401	0.1222791566	0.07147546223	0.03051725972	0.1223854535
	0.0005191881775	0.1819938781	-0.01778025184	-0.02393058602	-0.01778045925
	0.0005186363832	0.2488332286	0.3212579789	0.03051609019	0.3974851004
	0.4756379636	0.07147326651	0.12238169	0.1819878751	0.5537925428
	0.2488241877	0.32124498	0.6300247876	0.7024579936	0.397467108
	0.4756138345	0.7693090065	0.5537610356	0.8289321203	0.8798595907
	0.9208377644	0.9508579341	0.9691811609	0.6299845748	0.9753564508
	0.7024076756	0.7692471291	0.8288571956	0.8797701221	0.9207322759
	0.950735006	0.9692318381	0.9509581026	0.9209850273	0.880050289
	0.8291612537	0.7695701227	0.9690394712	0.9751948247	0.7027430405
	0.630323921	0.9690493063	0.5540938778	0.9507539702	0.9207589555
	0.4759272515	0.3977453056	0.8798023929	0.3214687184	0.2489700197
	0.1820271292	0.8288922186	0.769281345	0.7024367995	0.6300035905
	0.5537641908	0.4755946372	0.3974183261	0.3211586431	0.2486915949
	0.1817996071	0.1221276294	0.07114262591	0.03009745124	7.568733461e-17
	0.09549580219	0.07202740616	0.04812512871	0.02395872195	-0.0002923613634
	0.1183729056	0.1405116871	0.1617735178	0.1064161107	0.06033983114
	0.02475182967	0.1618463196	0.0005282316051	0.225265817	-0.01173463397
	-0.01173491827	0.0005273138392	0.0247500842	0.29511327	0.3696690977
	0.06033693539	0.4470978101	0.5254932003	0.1064116155	0.1618396521
	0.2252562836	0.6029252781	0.2951000617	0.3696512955	0.6774877865
	0.7473451346	0.4470743927	0.5254630534	0.8107775873	0.6028872049
	0.866223602	0.9123182685	0.947926904	0.9721729785	0.98445968
	0.6774405223	0.98448459	0.7472873623	0.8107079575	0.8661407567
	0.9122208684	0.9478136621	0.972042699	0.972247106	0.9480484285
	0.9124841119	0.8664293606	0.8110174322	0.7476116761	0.9843113048
	0.9843172529	0.6777718927	0.6032158373	0.9720601978	0.525776808
	0.9478416736	0.9122576597	0.4473583501	0.3698871727	0.8661838953
	0.2952654036	0.2253233043	0.8107543058	0.7473330701	0.67748102
	0.6029171956	0.5254765063	0.4470645385	0.3696106231	0.2950203196
	0.2251284856	0.1616540888	0.1061578736	0.06000392534	0.02432607908
	5.717762352e-17	0.1466380448	0.1183728389	0.08938298029	0.05985734144
	0.02999214599	-1.316273488e-05	0.1739981258	0.2002810622	0.08979078445
	0.1407010959	0.04883224163	0.01883381558	0.2003098151	0.0005340130547
	0.2671494288	-0.005616685097	0.0005330832526	0.01883183352	0.04882896314
	0.3395744056	0.4158017112	0.08978584519	0.4939547103	0.5721093714
	0.1406940138	0.2002999934	0.2671361608	0.6483416376	0.33955688
	0.4157790193	0.7207747978	0.78762569	0.4939258545	0.5720732757
	0.8472486004	0.6482971607	0.8981757756	0.939153552	0.9691732112
	0.9874958013	0.9936703133	0.7207207485	0.9875447642	0.7875608454
	0.8471717281	0.8980856598	0.9390490245	0.9690531878	0.9873593248
	0.9692699128	0.9392955171	0.8983592227	0.8474683555	0.787875065
	0.7210454257	0.9935166046	0.9873732823	0.6486232539	0.5723895234
	0.9690804261	0.494218366	0.9390881883	0.8981347106	0.4160307227
	0.3397467494	0.847227938	0.2672380889	0.7876207896	0.7207802958
	0.6483514645	0.5721167637	0.4939522205	0.4157812156	0.3395271128
	0.2670658893	0.2001799337	0.140514149	0.08953544342	0.04849660425
	0.0184054473	3.831539338e-17	0.1739980441	0.2064153301	0.1405115388
	0.10616764	0.07118553425	0.03578980925	0.0002069517103	0.237560041
	0.07261195524	0.1186885461	0.1741190481	0.03702362904	0.01279969825
	0.2375388155	0.0005364978218	0.3073865114	0.0005358829823	0.01279779595
	0.03702026633	0.07260684522	0.3819425505	0.4593714387	0.11868129
	0.5377669652	0.6151991356	0.1741091383	0.2375256395	0.3073693572
	0.6897616886	0.381920613	0.4593438281	0.7596190286	0.8230514156
	0.5377327167	0.6151572215	0.8784973017	0.6897110328	0.9245917705
	0.9602001324	0.9844458497	0.9967321015	0.9967564587	0.7595585238
	0.9845183064	0.822979944	0.8784137592	0.9244950954	0.9600893396
	0.9843200701	0.9965906297	0.9603188301	0.9247535654	0.8786976934
	0.823284441	0.7598771167	0.6900354645	0.996598808	0.9843442747
	0.6154771597	0.5380353822	0.960128578	0.4596134968	0.9245477094
	0.8784774184	0.3821379234	0.3075103051	0.8230516377	0.7596345507
	0.6897869897	0.6152279911	0.5377924554	0.4593859546	0.3819377983
	0.3073535175	0.2374679332	0.1739999671	0.1185103075	0.07236297266
	0.03669171848	0.01237211786	1.921693609e-17	0.2002808838	0.2375599441
	0.2733774224	0.1617732729	0.1222788602	0.08204649902	0.04132998789
	0.0003852132644	0.05498551712	0.09594435827	0.1468549563	0.2064639462
	0.02498678531	0.006686674643	0.2733038117	0.0005356716962	0.3457290183
	0.006685145087	0.02498361753	0.05498049461	0.09593715844	0.4219565291
	0.5001097065	0.1468451531	0.5782645167	0.6544969008	0.206451014
	0.2732871297	0.345707877	0.7269301457	0.421930138	0.500077203
	0.7937810875	0.8534040098	0.5782249776	0.6544493558	0.9043311571
	0.7268735934	0.9453088631	0.9753284061	0.9936508308	0.9998251237
	0.9936992967	0.7937145144	0.9754241024	0.8533264132	0.9042415715
	0.9452063915	0.9752122571	0.9935203615	0.999679891	0.9454492907
	0.904512497	0.8536210343	0.7940270345	0.7271965481	0.6547733577
	0.9935391173	0.9752491238	0.5785383878	0.5003656957	0.9452600764
	0.422176105	0.904310128	0.8534072329	0.3458895786	0.7938043155
	0.7269684085	0.6545445174	0.5783151028	0.5001561787	0.4219911059
	0.3457432211	0.2732884658	0.2064091838	0.1467502229	0.09577842495
	0.05474649852	0.02466216735	0.006263352386	5.999039131e-32	0.225323014
	0.2672378798	0.3075101927	0.1820267728	0.1376195171	0.09237892648
	0.04658781097	0.0005316144166	0.0726087326	0.03702012468	0.118685599
	0.1741163671	0.2375363886	0.01279591004	0.0005324284762	0.3073843246
	0.0005315409808	0.3819405885	0.01279319645	0.03701543214	0.07260180783
	0.1186760906	0.4593696854	0.5377654041	0.1741038288	0.6151977499
	0.6897604621	0.2375202837	0.3073640316	0.3819154082	0.7596179454
	0.4593388494	0.5377280853	0.8230504606	0.8784964608	0.6151530752
	0.689707527	0.9245910303	0.759555832	0.9601994809	0.9844452757
	0.9967315951	0.9967560111	0.9845179097	0.8229782584	0.9603184776
	0.8784132911	0.9244960754	0.9600920176	0.9843247153	0.9965975297
	0.9966082682	0.9247532514	0.8786974128	0.8232841896	0.7598768911
	0.6900352619	0.6154769779	0.9843566171	0.9601441396	0.5380352195
	0.4596133517	0.9245668403	0.382137795	0.8785004791	0.8230789959
	0.7596665781	0.6898240573	0.6152704644	0.5378406886	0.4594402836
	0.3819985339	0.3074209365	0.2375422692	0.1740814	0.1185989524
	0.07245886713	0.03679480891	0.0124822449	0.0001168827935	0.295265067
	0.2489696024	0.3397465089	0.2011478746	0.1520974323	0.1021235952
	0.05153724226	0.0006524581091	0.08978461871	0.04882551681	0.01882652297
	0.1406954733	0.2003047137	0.2671448225	0.0005261528077	-0.005625102233
	0.3395702647	0.0005241323822	0.4157980042	0.01882238639	0.04881907353
	0.08977558524	0.1406834761	0.4939514043	0.5721064328	0.2002892931
	0.6483390334	0.7207724958	0.2671254378	0.3395463007	0.4157687792
	0.7876236592	0.4939161797	0.5720644248	0.8472468113	0.8981742008
	0.6482894265	0.7207144595	0.9391521661	0.7875563671	0.9691719909
	0.9874947257	0.9936693635	0.9875439236	0.9692691669	0.8471694638
	0.9392948533	0.8980860515	0.9390525528	0.9690603718	0.9873707216
	0.9935328078	0.98739492	0.8983586302	0.8474678253	0.7878745896
	0.7210449987	0.6486228705	0.5723891795	0.9691081582	0.939122703
	0.4942180588	0.4160304497	0.8981767196	0.8472781715	0.787679989
	0.7208492061	0.6484308248	0.5722072968	0.49405462	0.4158961322
	0.3396551385	0.2672075395	0.2003356273	0.1406841872	0.08971998509
	0.04869564047	0.01861877277	0.0002271826878	0.3698867883	0.3214682386
	0.271075	0.2190197328	0.1656255577	0.1112239174	0.05615231384
	0.0007519699801	0.06033016959	0.106407279	0.02474131894	0.0005168644555
	0.1618382888	0.2252585503	0.2951067251	-0.01174685025	-0.01174795919
	0.3696632281	0.0005134927764	0.4470925669	0.02473555042	0.0603217823
	0.1063959656	0.1618236601	0.5254885335	0.6029211375	0.2252401397
	0.6774841228	0.7473419001	0.2950839947	0.3696355759	0.4470593356
	0.8107747365	0.5254490214	0.6028746109	0.8662210923	0.9123160601
	0.6774298315	0.7472790947	0.9479249604	0.8107026894	0.9721712665
	0.9844581698	0.984483255	0.9722459229	0.9480473771	0.8661391216
	0.9124831746	0.9122235583	0.9478214271	0.9720563468	0.9843316991
	0.9843453112	0.9720968876	0.8664285227	0.8110166814	0.747611002
	0.6777712871	0.6032152936	0.525776321	0.947888008	0.9123146912
	0.4473579159	0.8662527084	0.8108360077	0.74742878	0.677591856
	0.6030442599	0.5256208678	0.4472272129	0.3697925508	0.2952223403
	0.2253513106	0.1618982695	0.1064237675	0.06029165865	0.02463550574
	0.0003306577749	0.3977447612	0.345685754	0.2915033474	0.2355332732
	0.1781224049	0.1196265112	0.060407918	0.0008331197209	0.0305038192
	0.07146314711	0.1223742303	0.0005046032235	-0.01779598263	0.1819837019
	0.2488240457	0.3212497292	-0.02394744297	-0.01779839796	0.3974777196
	0.0004996888497	0.475631385	0.03049623935	0.07145265454	0.1223605
	0.1819663352	0.5537866989	0.6300196117	0.2488025754	0.7024534207
	0.7693049742	0.3212236266	0.3974464022	0.4755942266	0.8289285696
	0.5537430413	0.6299687781	0.8798564665	0.9208350158	0.7023947324
	0.7692377693	0.9508555145	0.8288522253	0.9691790284	0.9753545678
	0.9692301714	0.9509566233	0.9209837104	0.8797704247	0.8800491132
	0.920738813	0.9507488167	0.9690616708	0.9752266024	0.9690919209
	0.9508087451	0.8291602009	0.7695691779	0.7027421915	0.6303231581
	0.5540931932	0.4759266392	0.9208272716	0.8798856794	0.8289919421
	0.7693989964	0.7025738782	0.6301615854	0.5539445597	0.4757987816
	0.3976475631	0.3214141744	0.2489744707	0.1821106875	0.1224675401
	0.07151171118	0.03049572134	0.0004270748317	0.4231484863	0.367768433
	0.3101292455	0.2505877431	0.1895125442	0.1272817154	0.06428034581
	0.0008980777389	0.03607848563	0.0004894286004	0.08215580698	0.1375870346
	-0.0237352255	-0.03599913035	0.2010075214	0.2708559321	0.3454126862
	-0.03600041576	-0.0237391208	0.4228422967	0.0004828066191	0.501238563
	0.036068944	0.08214307901	0.1375707834	0.2009873448	0.5786715027
	0.6532348696	0.2708313685	0.7230930851	0.7865264284	0.3453832219
	0.4228073751	0.5011975948	0.8419733735	0.5786238791	0.6531799767
	0.888069028	0.9236787292	0.7230303214	0.7864552251	0.947925969
	0.8418932176	0.96021396	0.9602403106	0.948004449	0.9238076113
	0.8882453933	0.8879794893	0.84219305	0.9235794919	0.9478168678
	0.9600950214	0.9601118021	0.9478669346	0.9236620172	0.7867839019
	0.7233813796	0.6535453921	0.5789938454	0.5015602539	0.8880930846
	0.842035921	0.7866244835	0.7232229677	0.6533922035	0.5788512082
	0.501434844	0.4230486219	0.3456217664	0.2710596948	0.2011970832
	0.1377526739	0.08228693764	0.03616363364	0.0005162132779	0.4459413166
	0.387580374	0.3268384375	0.2640912853	0.1997271035	0.1341440377
	0.06774767547	0.0009484866249	0.0004714192926	0.04143093974	-0.0295279815
	0.09234222356	0.1519519059	-0.04782874315	-0.05398036731	0.2187924741
	0.2912184007	0.3674466597	-0.04783146945	-0.02953350674	0.4456006274
	0.000462950833	0.5237562869	0.0414193141	0.09232716018	0.1519330618
	0.218769449	0.5999895998	0.6724238761	0.2911907443	0.7392759781
	0.7989002193	0.3674138791	0.445562197	0.5237116604	0.8498288769
	0.599938223	0.6723652031	0.890808321	0.9208298707	0.7392094897
	0.7988254437	0.9391546156	0.8497454146	0.9453315937	0.9392088749
	0.9209372794	0.8909666371	0.8500346805	0.8907158729	0.7991488434
	0.9207282702	0.9390438663	0.9452119117	0.9390807387	0.9208014866
	0.8908243705	0.7395614128	0.6727386448	0.6003246037	0.524100613
	0.8498875851	0.7989991159	0.7394119073	0.6725929979	0.6001873823
	0.5239774918	0.445839289	0.3676960587	0.2914710339	0.2190400214
	0.1521851952	0.09255119605	0.04160461602	0.0005978688658	0.4659828007
	0.4049997278	0.3415284656	0.2759614904	0.2087042328	0.1401725391
	0.07079006584	0.000985631197	0.0004506726464	-0.03513855559	0.04652817463
	-0.05936337175	0.1019595944	0.1653802888	-0.07162742798	-0.07162885065
	0.2352289281	0.3097859393	0.3872158445	-0.05936767356	-0.03514583743
	0.4656124538	0.0004402442592	0.5430457974	0.04651437008	0.1019421245
	0.1653588097	0.2352030472	0.6176096434	0.687468429	0.3097552224
	0.7509024515	0.8063502045	0.3871798247	0.4655706421	0.5429976948
	0.8524468175	0.6175547553	0.6874062818	0.8880576521	0.9123062274
	0.7508326118	0.8062723011	0.924595786	0.8523605666	0.9246239708
	0.9123902493	0.8881959033	0.8526365835	0.8065876115	0.8879628867
	0.7511823911	0.9122029298	0.9244841262	0.9245043498	0.9122633485
	0.8880627414	0.8524985818	0.6877844602	0.6179538703	0.5434087211
	0.8064466689	0.7510409706	0.6876456889	0.6178216541	0.5432878774
	0.465879207	0.3875011315	0.3100828428	0.2355297147	0.165676367
	0.1022414724	0.04678541661	0.0006718570945	0.4831495059	0.4199194123
	0.3541092804	0.2861259088	0.2163895241	0.1453311627	0.07338998599
	0.001010549563	-0.04053237518	0.0004273039616	-0.07053192476	0.05133875843
	-0.08883282529	0.1109486274	0.1777894041	-0.09498457643	-0.08883578966
	0.2502155692	0.3264441064	0.4045984036	-0.07053791606	-0.04054151754
	0.4827544578	0.0004148268621	0.558988246	0.05132270634	0.1109287077
	0.177765277	0.2501868543	0.6314230958	0.6982758892	0.3264103907
	0.7579009612	0.808830613	0.4045592511	0.4827094204	0.5589368764
	0.8498112415	0.6313649629	0.6982105949	0.8798341949	0.8981605959
	0.7578281608	0.8087500376	0.9043395188	0.8497227239	0.8982190757
	0.8799501345	0.8499825817	0.8090542172	0.7581725572	0.8797376992
	0.6985899927	0.8980562508	0.904227656	0.8981002726	0.8798252633
	0.8498528647	0.8089212894	0.6317729139	0.5593655628	0.7580385376
	0.6984575636	0.6316454101	0.5592470703	0.4830449659	0.4049150418
	0.3267805556	0.2505647019	0.178143237	0.1112982709	0.0516743652
	0.0007380163391	0.4973357514	0.4322477502	0.3645037863	0.2945225064
	0.2227363799	0.1495890133	0.07553239788	0.00102410815	-0.04567620349
	-0.08126556747	0.0004014457021	-0.1054905097	0.05583302807	-0.1177546819
	0.1192539066	0.1891027599	-0.117756208	-0.1054951167	0.2636600251
	0.341090237	0.4194872202	-0.08127334203	-0.04568728812	0.4969210217
	0.0003868548764	0.5714854282	0.05581468492	0.1192315196	0.1890759981
	0.263628525	0.6413448982	0.7047797523	0.3410536113	0.7602285099
	0.8063263291	0.4194450676	0.4968729389	0.5714310234	0.8419386029
	0.6412838065	0.7047116538	0.8661888852	0.8784804575	0.76015315
	0.8062435416	0.8785110063	0.8418483362	0.8662800489	0.8420889245
	0.8065333511	0.7604887313	0.7050885684	0.8660912319	0.6416965254
	0.8783756878	0.8783996055	0.8661627591	0.8419667921	0.806407779
	0.7603615369	0.5718728151	0.7049620475	0.6415735215	0.5717567916
	0.4972308647	0.4198305764	0.3414613935	0.2640524751	0.1895091507
	0.1196659824	0.05624157014	0.0007962106897	0.5084542419	0.4419090232
	0.3726483156	0.3011000592	0.2277063276	0.1529205897	0.07720490247
	0.001027053798	-0.09149814648	-0.05053834452	-0.1214978088	0.0003732466052
	-0.1397988132	0.05998327213	-0.1459506586	0.1268242337	0.1992506227
	-0.1398019529	-0.1215041415	0.2754794357	0.3536340761	0.4317905585
	-0.09150777828	-0.05055143181	0.5080248798	0.0003564997834	0.5804603899
	0.0599626182	0.1267993867	0.1992212645	0.275445224	0.6473139957
	0.7069400595	0.3535946529	0.7578709129	0.7988529858	0.4317455611
	0.507973953	0.5804031998	0.8288776633	0.647250246	0.7068695098
	0.8472061085	0.8533874412	0.7577933988	0.7987684429	0.847269824
	0.8287861529	0.8290041833	0.7990404724	0.7581165702	0.7072400877
	0.6476635324	0.8471078468	0.5808534404	0.8532828322	0.8471594956
	0.828889027	0.7989216875	0.7579957113	0.7071191161	0.6475448692
	0.5807400207	0.508349564	0.432155914	0.3540349992	0.2759100508
	0.1997042255	0.1272932285	0.06045910422	0.0008463324929	0.5164365952
	0.4488439328	0.3784930228	0.3058184806	0.2312692793	0.155305974
	0.07839785523	0.00102005072	-0.1011665977	-0.1367560601	-0.05508883864
	-0.1609810929	0.0003428706971	-0.1732453483	0.06376390173	-0.1732469485
	0.1336129439	0.2081704477	-0.1609859182	-0.1367641842	0.2856009638
	0.3639983351	0.4414326294	-0.1011781415	-0.05510396846	0.5159976569
	0.0003239471957	0.5858579022	0.06374093962	0.1335856667	0.2081385542
	0.2855641361	0.6492937146	0.7047436451	0.3639562482	0.7508428867
	0.7864568706	0.4413849621	0.5159441046	0.5857981909	0.8107091928
	0.6492276176	0.7046710014	0.8230031814	0.8230365749	0.7507636215
	0.7863710184	0.810808949	0.8106169232	0.7866217093	0.7510706508
	0.7050312666	0.6496371684	0.5862521518	0.8229048273	0.8229326638
	0.810700237	0.7865092181	0.7509557067	0.7049155417	0.6495227221
	0.5861414704	0.5163326252	0.4418151917	0.3644239954	0.286064483
	0.2086657826	0.1341331797	0.06430117831	0.0008883045918	0.5212337569
	0.4530099639	0.3820021959	0.3086490793	0.233403735	0.1567309794
	0.07910445466	0.001003707156	-0.1102113351	-0.1511712203	-0.1811709578
	-0.05929964741	-0.1994720323	0.0003104962174	-0.2056239424	0.06715160825
	-0.1994752936	0.1395781935	0.2158072649	-0.1811775256	-0.1511811843
	0.2939622445	0.3721191686	0.4483540583	-0.1102248276	-0.0593168401
	0.5207902908	0.0002893956584	0.5876448026	0.06712636132	0.1395485368
	0.2157729175	0.2939229163	0.6472719893	0.6982042183	0.3720745701
	0.7391879592	0.7692146406	0.4483039121	0.5207343445	0.5875828433
	0.7875454733	0.64720386	0.6981298365	0.7937296298	0.7876153317
	0.739107337	0.7691279073	0.7693535711	0.7874529001	0.7393943766
	0.6984757134	0.6476052944	0.5880357478	0.793631657	0.7875125974
	0.7692469424	0.7392849819	0.6983649757	0.6474949633	0.5879279287
	0.5211309331	0.4487489741	0.3725644625	0.2944533136	0.2163387345
	0.1401438455	0.06774430171	0.0009220822596	0.5228162993	0.454381647
	0.3831544806	0.3095747462	0.2340969304	0.1571872562	0.07932080639
	0.0009785948233	-0.1646544444	-0.1185766188	-0.2002439649	-0.2244690517
	-0.06314482654	-0.2367333594	0.0002763144618	-0.236735009	0.07012550706
	-0.2244740215	0.1446832181	0.2221140175	-0.2002523168	-0.1646662806
	0.3005117702	0.377946569	0.4525122521	-0.1185920788	-0.06316408408
	0.5223733347	0.0002530553756	0.5858102004	0.07009801773	0.1446512515
	0.2220773158	0.3004700735	0.6412614375	0.6873622797	0.3778996257
	0.7229782027	0.7472328514	0.4524598302	0.5223152351	0.5857462712
	0.7595296073	0.6411915906	0.6872865086	0.759566268	0.7473424748
	0.7228966025	0.7471456402	0.7231597067	0.7594371497	0.6876138423
	0.6415804701	0.5861933134	0.7594690997	0.7472413289	0.7230555408
	0.6875078647	0.6414741656	0.5860884642	0.5227149995	0.4529146201
	0.3784063334	0.3010249587	0.2226759257	0.1452883343	0.07076742819
	0.0009476548243	0.5211746014	0.4529507161	0.3819430172	0.3085900674
	0.2333449268	0.1566723587	0.07904596427	0.0009452631911	-0.2180825579
	-0.1771226345	-0.1262108984	-0.2480823305	-0.2663834411	-0.06660068599
	-0.2725353893	0.0002405285464	-0.2663867784	0.0726672663	-0.2480890432
	0.1488965596	0.227051853	-0.2180927213	-0.1771363593	0.305209208
	0.3814446746	0.4538816614	-0.1262283281	-0.06662199317	0.5207371401
	0.0002151468692	0.5803655444	0.07263759425	0.1488623692	0.227012912
	0.305165289	0.6312992836	0.6722848729	0.3813955651	0.7023137905
	0.7206473014	0.4538271759	0.5206771327	0.5802999234	0.7268346376
	0.6312280277	0.6722080483	0.7207240858	0.7024667105	0.7022315697
	0.7205599838	0.672512621	0.7267426705	0.6315998735	0.5807362844
	0.7206280866	0.7023674893	0.6724112018	0.6314975147	0.580634494
	0.5210751456	0.4542865466	0.3819137033	0.3057390273	0.2276384246
	0.149535082	0.07335208695	0.0009650469833	0.5163189075	0.4487261616
	0.3783754865	0.3057013653	0.2311526456	0.1551897723	0.0782819495
	0.0009042499513	-0.234576793	-0.2701663259	-0.1884989518	-0.1330671311
	-0.2943914286	-0.3066557585	-0.06964593616	-0.3066574366	0.0002033521034
	-0.2943964803	0.07476121992	-0.2701748033	0.1521922597	0.2305903621
	-0.2345887811	-0.1885145669	0.3080256492	0.3825919913	0.4524539395
	-0.1330865174	-0.06966926193	0.5158919164	0.0001758995809	0.5713445529
	0.0747294402	0.1521559461	0.2305493101	0.307979665	0.6174471293
	0.6530651719	0.3825409027	0.6773223802	0.6896221956	0.4523976074
	0.5158302475	0.5712775141	0.6896624809	0.6173747627	0.6529876114
	0.6774429485	0.6532651565	0.6772398692	0.6895351053	0.6177250703
	0.6895713289	0.5716983763	0.6773484181	0.6531681137	0.6176265801
	0.5715997136	0.5162215624	0.452856387	0.3830650516	0.3085665714
	0.231195764	0.1528580475	0.0754824975	0.0009743198072	0.508279264
	0.4417341768	0.3724740669	0.3009266655	0.227533846	0.152748901
	0.07703374881	0.0008560886425	-0.2496250167	-0.2905849261	-0.3205846896
	-0.1987132907	-0.139103072	-0.3388858013	-0.345037763	-0.07226181923
	-0.3388891764	0.0001650079145	-0.3205914714	0.0763944643	-0.2905951774
	0.1545500204	0.2327077672	-0.2496388296	-0.1987307837	0.3089437873
	0.3813815256	0.4482379937	-0.1391243874	-0.0722871181	0.5078676687
	0.0001355504259	0.5588030072	0.07636066538	0.1545116967	0.2326647428
	0.3088959033	0.5997905756	0.6298219075	0.3813286503	0.6481583283
	0.6543491348	0.4481800337	0.5078045818	0.5587348157	0.6482426848
	0.599717381	0.6297439055	0.6299901199	0.6000416336	0.6480758246
	0.6542625617	0.5591353753	0.6481526164	0.6298972869	0.5999469358
	0.55903989	0.5081842479	0.4486330434	0.3818533753	0.309490265
	0.2333261304	0.155236874	0.07714566801	0.0009755714339	0.4971053352
	0.4320179985	0.3642753013	0.2942955907	0.2225110463	0.1493650176
	0.07530929213	0.0008013140966	-0.263134493	-0.3092122893	-0.344801783
	-0.36902686	-0.2077027115	-0.1442815348	-0.3812911823	-0.3812928712
	-0.07443222495	-0.3690319414	0.0001257264899	-0.3448102999	0.07755693786
	-0.3092243123	0.1559553294	0.2333910562	-0.2631501181	-0.2077220572
	0.3079580253	0.3778208281	0.4412599313	-0.1443047384	-0.07445943848
	0.4967140138	9.434230807e-05	0.5428184077	0.0775212196	0.1559151183
	0.2333462062	0.3079084124	0.5784386954	0.602698637	0.3777663603
	0.6150017392	0.6150459351	0.4412005599	0.4966497452	0.5427493159
	0.6028310136	0.5783649358	0.6026204597	0.578658615	0.5431247944
	0.6149195031	0.614960121	0.6027422364	0.5785676336	0.5430325178
	0.4970128234	0.4416426319	0.3782862326	0.3085045116	0.2340164984
	0.1566570158	0.07833147628	0.0009689374559	0.4828660975	0.4196376422
	0.3538298747	0.2858491826	0.216115391	0.1450591756	0.07311941062
	0.0007404661916	-0.3259336205	-0.2750219752	-0.3668934548	-0.3968931595
	-0.4151942356	-0.2154118286	-0.1485706209	-0.4213461875	-0.4151976164
	-0.07614379009	-0.3968999474	8.57446025e-05	-0.3669037014	0.07824148308
	-0.3259474017	0.1563995495	0.2326360635	-0.2750393884	-0.2154329896
	0.3050745109	0.3719319475	0.4315628991	-0.1485956604	-0.07617284842
	0.4824998747	5.252260789e-05	0.5234894975	0.0782039547	0.1563575814
	0.2325895398	0.3050233421	0.5535233621	0.5718628592	0.3718760805
	0.5780573563	0.5719552865	0.4315023275	0.4824346502	0.5234197412
	0.5537078726	0.5534492768	0.5717847412	0.5237653954	0.5779756067
	0.5718704212	0.5536205304	0.5236763425	0.4827762273	0.4319283227
	0.3723856974	0.3056154795	0.2332627127	0.1571098283	0.07903273302
	0.000954591004	0.4656494154	0.4046695344	0.3412023048	0.2756396527
	0.2083864628	0.1398580848	0.07047777546	0.0006740922704	-0.3867235584
	-0.3406458793	-0.2852142196	-0.4223129532	-0.446537959	-0.4588022429
	-0.2217931519	-0.151943917	-0.4588039282	-0.4465430266	-0.07738598097
	-0.4223214387	4.530378482e-05	-0.3867355197	0.07844389075	-0.3406613949
	0.155879972	0.2304474957	-0.285233386	-0.2218160803	0.3003110981
	0.3637512949	0.419206818	-0.1519707292	-0.07741680438	0.4653130565
	1.0341653e-05	0.5009356545	0.07840466878	0.1558363827	0.230399453
	0.3002585464	0.5251984378	0.5375049837	0.3636942178	0.5375533006
	0.5253432575	0.4191452487	0.4652470878	0.5008654492	0.5011765805
	0.5251242389	0.5374271242	0.5374722119	0.5252594763	0.5010907516
	0.465562291	0.4195500739	0.3641882233	0.3008410644	0.2310695134
	0.1565926222	0.07924522696	0.0009327425338	0.4455615007	0.3872060427
	0.3264705467	0.2637300631	0.199372043	0.1337939509	0.0674008182
	0.0006027484928	-0.404169895	-0.4451295825	-0.3532584155	-0.2936484375
	-0.4751291721	-0.4934301726	-0.4995820926	-0.2268073804	-0.1543806573
	-0.4934335327	-0.4751359138	-0.0781511585	-0.4451397483	4.648798868e-06
	-0.4041835465	0.07816292592	-0.353275632	0.1543998335	0.2268389026
	-0.2936693125	-0.2268320186	0.2936972385	0.3533294201	0.4042680142
	-0.15440917	-0.07818365904	0.4452597058	-3.194881814e-05	0.4752961557
	0.07812213215	0.1543547619	0.2267894962	0.2936434737	0.4936388254
	0.4998371577	0.3532713152	0.4937396655	0.4754976566	0.4042056383
	0.4451931879	0.4752256939	0.4935646947	0.4997597178	0.4936593658
	0.4754150388	0.4454771977	0.4045842627	0.3537444193	0.2942107792
	0.2274505083	0.155108681	0.07896775153	0.0009036393203	0.4227262584
	0.3673549081	0.309725514	0.2501939412	0.1891278197	0.1269042805
	0.06390763326	0.0005270003253	-0.4652024431	-0.4191249666	-0.5007916698
	-0.3636935289	-0.3002726826	-0.5250165531	-0.5372807669	-0.5372824364
	-0.2304236444	-0.1558658522	-0.5250215712	-0.5008000655	-0.07843462543
	-0.4652142635	-3.597391241e-05	-0.4191402754	0.07740033558	-0.3637124038
	0.1519682965	0.2218325946	-0.3002952127	-0.2304499264	0.2852737993
	0.3407307004	0.3868387495	-0.1558959857	-0.07846870852	0.4224636571
	-7.409718847e-05	0.4467293201	0.07735809511	0.1519218822	0.2217819776
	0.2852189859	0.4590393913	0.459091959	0.3406717404	0.4468869766
	0.3867757437	0.4223967654	0.4466587687	0.4589654786	0.4590150603
	0.4468075462	0.422644828	0.3871232147	0.3411187389	0.2857655734
	0.2224280889	0.1526672408	0.078202113	0.0008675646709	0.3972845242
	0.3452385823	0.2910705211	0.235114828	0.1777170475	0.1192316527
	0.06001986346	0.0004474223308	-0.4824078521	-0.523367309	-0.4314966402
	-0.5533667188	-0.3718869479	-0.3050461715	-0.5716676001	-0.5778194661
	-0.5716709178	-0.2326196965	-0.1563903809	-0.5533733717	-0.5233773314
	-0.07823465543	-0.482421294	-7.631778194e-05	-0.4315135653	0.07616083798
	-0.3719074311	0.1486003924	0.2154595047	-0.3050702958	-0.232647549
	0.2750928122	0.3260329443	0.3670266528	-0.1564220491	-0.07827022145
	0.3970656701	-0.0001158534799	0.4154115333	0.07611727725	0.1485527742
	0.2154078262	0.2750371072	0.4216137655	0.4155209639	0.3259732902
	0.3669631776	0.3969985584	0.4153410318	0.4215401866	0.4154446877
	0.3972059965	0.367274635	0.3263890823	0.2755575803	0.2160332933
	0.1492834346	0.07695311999	0.0008248368645	0.3693931968	0.3209934736
	0.2706206469	0.2185857657	0.1652101594	0.1108234593	0.05576156929
	0.000364597386	-0.4966398115	-0.5427169842	-0.5783059627	-0.4412087155
	-0.6025306659	-0.377788227	-0.3079395359	-0.6147947753	-0.6147964192
	-0.6025356053	-0.2333820484	-0.155951048	-0.5783142211	-0.5427285995
	-0.07755250387	-0.4966548348	-0.000116137674	-0.441227209	0.0744520936
	-0.3778102613	0.1443169298	0.2077589987	-0.3079651866	-0.2334113926
	0.2632171532	0.309326912	0.3449540575	-0.1559841599	-0.07758944974
	0.3692225628	-0.0001569708459	0.381536161	0.07440733859	0.1442682431
	0.2077064015	0.2631607035	0.3815930251	0.3092667111	0.344890255
	0.3691553615	0.3814658203	0.3815198618	0.3693175843	0.3451609449
	0.3096463172	0.2636497964	0.208305615	0.1449781992	0.0752285544
	0.0007758078288	0.3392242714	0.2947691076	0.2485020275	0.2007087251
	0.151684335	0.1017316152	0.05115908282	0.0002791154292	-0.507810662
	-0.558721486	-0.5996806142	-0.6296797703	-0.4482013958	-0.6479804836
	-0.3813610581	-0.3089350036	-0.6541322734	-0.6479837413	-0.6296862997
	-0.2327060551	-0.154550603	-0.5996904429	-0.5587346541	-0.07639240023
	-0.5078272201	-0.0001551914283	-0.4482214033	0.072284658	-0.3813845801
	0.1391443658	0.1987786324	-0.3089621075	-0.2327368073	0.2497201548
	0.2907157571	0.320757248	-0.1545850641	-0.07643062089	0.3391062457
	-0.0001972070286	0.3453123581	0.07223883252	0.1390947414	0.1987252515
	0.2496630962	0.2906551412	0.3206932407	0.3390390611	0.3452422599
	0.3391515714	0.3209185272	0.2909937187	0.2501156937	0.1992927605
	0.1397781465	0.073039124	0.0007208615686	0.3069637801	0.266727206
	0.2248510796	0.1815939793	0.1372230264	0.09201223928	0.0462408474
	0.0001915718274	-0.5712822363	-0.5158516242	-0.617358987	-0.6529476246
	-0.6771720821	-0.4524316568	-0.6894360501	-0.3825834944	-0.3080265087
	-0.6894376603	-0.6771769192	-0.6529557072	-0.2305959436	-0.1521977239
	-0.6173703456	-0.5712969114	-0.07476152216	-0.5158696649	-0.0001932413828
	-0.4524531185	0.06967191681	-0.3826084357	0.1331146434	0.1885738591
	-0.3080549882	-0.2306280166	0.2346851551	0.2703143906	0.2945856202
	-0.1522334377	-0.07480091199	0.3069026626	-0.0002363257711	0.06962514098
	0.1330642056	0.18851982	0.2346276105	0.2702534753	0.2945215102
	0.3068355765	0.3068939777	0.294696886	0.2705463331	0.2350387666
	0.1890503547	0.1337154004	0.07039839693	0.0006604123576	0.2728106456
	0.2370406906	0.1998136603	0.1613594246	0.1219154446	0.081725311
	0.04103724396	0.0001025654334	-0.5803218971	-0.6312321922	-0.5207132233
	-0.6721908777	-0.7021896952	-0.7204901862	-0.4538735128	-0.7266418766
	-0.3814480869	-0.3052197294	-0.7204933696	-0.7021960732	-0.6722004723
	-0.2270647871	-0.1489069641	-0.6312450351	-0.5803380284	-0.07266995135
	-0.5207326893	-0.0002300558654	-0.453896364	0.06663000336	-0.3814743748
	0.1262649947	0.1772076878	-0.3052495036	-0.2270980915	0.2182049839
	0.2482487737	0.2666007616	-0.148943833	-0.07271040552	-0.000274098176
	0.06658239217	0.1262138601	0.1771531054	0.2181470623	0.2481876571
	0.2665366302	0.2727437153	0.2666577247	0.2484302686	0.218512018
	0.1776415994	0.1268273987	0.06732271856	0.0005949027104	0.2369754557
	0.205892618	0.1735441695	0.1401298547	0.1058560117	0.07093430143
	0.03558040516	1.269639834e-05	-0.5857848481	-0.6412148098	-0.6872910007
	-0.5223655947	-0.7228791905	-0.747103328	-0.7593671137	-0.4525181774
	-0.759368684	-0.3779619301	-0.3005320537	-0.7471080438	-0.7228870668
	-0.6873020615	-0.2221344247	-0.1446986624	-0.641229087	-0.5858023801
	-0.07013061153	-0.5223864243	-0.0002654106447	-0.4525423496	0.06317769924
	-0.3779894889	0.1186377116	0.1647502952	-0.3005630393	-0.2221688699
	0.2003813915	0.2246551418	-0.1447365892	-0.07017202719	-0.0003103040013
	0.06312936145	0.1185859881	0.1646952729	0.2003231875	0.2245939044
	0.2369113636	0.23697395	0.2247819189	0.2006373858	0.1651368831
	0.119156663	0.06383111115	0.0005248011496	0.199679165	0.1734750517
	0.1462045984	0.1180361931	0.08914377907	0.0597057834	0.02990401866
	-7.743620542e-05	-0.6472454167	-0.5876375298	-0.6981550185	-0.7391131298
	-0.5207986688	-0.7691115115	-0.787411719	-0.7935632858	-0.448374118
	-0.7874148167	-0.3721466195	-0.2939924722	-0.7691177159	-0.7391224581
	-0.6981674957	-0.2158353274	-0.1395988183	-0.647261074	-0.5876564031
	-0.06715918892	-0.5208207968	-0.0002990903299	-0.4483995396	0.05933631868
	-0.3721753709	0.1102798854	0.1512785938	-0.2940245844	-0.2158708227
	0.1813244217	-0.1396377071	-0.06720146629	-0.0003447328858	0.05928735581
	0.1102276711	0.1512232227	0.181266015	0.1996178702	0.2058286061
	0.1997471216	0.1815251155	0.1516133482	0.1107505369	0.05994515705
	0.0004505997864	0.1611517339	0.1399878789	0.1179635315	0.09521468593
	0.07188181837	0.04810902213	0.02404312051	-0.0001672369017	-0.7047160838
	-0.6492869659	-0.5858686518	-0.7507915557	-0.786379175	-0.5160222339
	-0.8106029079	-0.8228664663	-0.8228679915	-0.4414670048	-0.8106074875
	-0.3640381187	-0.2856413999	-0.7863868207	-0.7508022862	-0.704729924
	-0.2082064103	-0.133638932	-0.6493039457	-0.5858888039	-0.06377403569
	-0.5160455922	-0.0003308897119	-0.4414936018	0.05512957726	-0.3640679831
	0.1012431167	0.1368757577	-0.2856745537	-0.2082428658	-0.1336786891
	-0.06381707897	-0.000377185499	0.0550800829	0.1011904996	0.1368201166
	0.1610931898	0.1734137461	0.1734802603	0.16129308	0.1371544154
	0.1016608945	0.05568886603	0.0003728117324	0.1216307107	0.1056375783
	0.08899510859	0.07180606355	0.05417658663	0.03621554919	0.01803388022
	-0.0002561164221	-0.7578426091	-0.7069338902	-0.6473270158	-0.5804892632
	-0.7987999949	-0.8287978302	-0.5080658768	-0.8470976852	-0.8532491022
	-0.8471006883	-0.4318395526	-0.8288038434	-0.3536865382	-0.2755304281
	-0.7988090317	-0.7578546889	-0.7069490371	-0.1992947932	-0.12685581
	-0.6473452574	-0.5805106286	-0.05999605692	-0.5080903948	-0.0003606150356
	-0.4318672495	0.05058344585	-0.3537174351	0.09158319752	-0.2755645386
	-0.1993321207	-0.126896345	-0.06003977507	-0.0004074746084	0.05053350516
	0.09153025546	0.1215748661	0.1399292484	0.1461433129	0.1400660541
	0.1218492697	0.09194382108	0.05108852769	0.0002919683627	0.08135976787
	0.07063594831	0.05947795126	0.04795467329	0.03613727092	0.02409872244
	0.01191337874	-0.0003434943698	-0.7602229728	-0.8062975431	-0.704794922
	-0.6413778081	-0.571532685	-0.8418844518	-0.8661076844	-0.4969788005
	-0.8783709652	-0.8783724414	-0.8661121159	-0.4195512585	-0.8418918478
	-0.341155827	-0.263722006	-0.8063079182	-0.7602363461	-0.7048113163
	-0.1891555105	-0.119291339	-0.6413972482	-0.5715551961	-0.0558485819
	-0.4970044063	-0.0003880851968	-0.419579979	0.04572599064	-0.3411876761
	-0.2637569896	-0.1891936241	-0.1193325652	-0.05589288917	-0.0004354260612
	0.04567568017	0.08130656822	0.1055815851	0.1179048527	0.1179749448
	0.1057923111	0.08165926745	0.04617254976	0.0002086164512	0.04058720029
	0.03519880129	0.02959406251	0.02380759042	0.01787511596	0.01183327457
	0.005719380703	-0.0004288018974	-0.8088257588	-0.7579181403	-0.8497822466
	-0.6983125382	-0.6314761929	-0.5590543055	-0.8797794096	-0.8980788345
	-0.4828295225	-0.9042300734	-0.898081736	-0.8797852179	-0.404678036
	-0.8497909723	-0.3265233794	-0.2502890567	-0.8088374167	-0.7579327488
	-0.6983301183	-0.1778511724	-0.1109922275	-0.6314967663	-0.5590778932
	-0.05135722042	-0.4828561431	-0.0004131328551	-0.4047077034	-0.3265561011
	-0.2503248316	-0.1778899891	-0.1110340625	-0.05140203679	-0.0004608796767
	0.040536588	0.07058254858	0.0889390103	0.095155985	0.08908257287
	0.07087068094	0.04097128335	0.0001233151976	-0.0004356054575	-0.0004553661664
	-0.0004722946875	-0.0004862879941	-0.0004972609435	-0.0005051467845	-0.000509897554
	-0.0005114843604	-0.8524426942	-0.806369234	-0.7509425056	-0.888028733
	-0.6875268913	-0.617683403	-0.5431312404	-0.912251357	-0.9245143041
	-0.4657054526	-0.9245157281	-0.9122556312	-0.8880358646	-0.3873117471
	-0.8524526942	-0.3098795578	-0.235314528	-0.8063821172	-0.7509582891
	-0.6875455937	-0.1654515789	-0.1020097186	-0.6177050428	-0.5431558345
	-0.04654970505	-0.4657330145	-0.3873422853	-0.3099130737	-0.2353510147
	-0.1654910194	-0.1020520846	-0.04659495641	-0.0004836900483	0.03514794684
	0.05942439971	0.07174989396	0.07182311134	0.05964461451	0.03551683619
	3.663317003e-05	-0.04145572033	-0.03610671993	-0.03053573292	-0.02477716038
	-0.01886656351	-0.0128404447	-0.006736022784	-0.0005910039123	-0.84984958
	-0.8908049736	-0.7989433095	-0.7393392763	-0.9208013217	-0.6725046808
	-0.6000846768	-0.5238618575	-0.9391002294	-0.9452512591	-0.445712355
	-0.9391030238	-0.9208069146	-0.890813373	-0.3675596372	-0.8498607972
	-0.2913271369	-0.2188908816	-0.7989573585	-0.7393561727	-0.6725244406
	-0.1520332904	-0.09239927375	-0.6001073152	-0.5238873872	-0.4457407849
	-0.3675909707	-0.2913613704	-0.2189280033	-0.1520732789	-0.09244209785
	-0.04150133849	-0.0005037272537	0.02954301781	0.04790100984	0.05412037095
	0.04805031683	0.02984287509	-5.085481462e-05	-0.08222023181	-0.07153544312
	-0.06041088263	-0.04891524353	-0.03711951424	-0.02509654132	-0.01292058098
	-0.0006668420054	-0.8880912107	-0.8420190973	-0.9236761995	-0.7865939817
	-0.7231802083	-0.9478980928	-0.6533387435	-0.5787887345	-0.5013651716
	-0.9601606437	-0.9601620131	-0.4229736973	-0.9479022026	-0.9236830552
	-0.8881008208	-0.3455436744	-0.8420314728	-0.2709806702	-0.2011195237
	-0.7866091356	-0.7231981541	-0.6533594947	-0.1376791559	-0.5788123029
	-0.5013915661	-0.4230029224	-0.3455757292	-0.2710155468	-0.2011572065
	-0.1377196208	-0.08226344599	-0.03615264244	-0.0005208774753	0.02375640038
	0.03608352829	0.0361593057	0.02398441871	-0.0001385708499	-0.1224778028
	-0.1065230909	-0.08991353443	-0.07275169545	-0.05514355209	-0.03719784611
	-0.01902541341	-0.0007385017656	-0.9208584674	-0.8799043898	-0.828999748
	-0.9508538402	-0.7693976206	-0.7025651642	-0.9691521327	-0.6301474818
	-0.5539271083	-0.4757801118	-0.9753029191	-0.9691548158	-0.3976298897
	-0.9508592094	-0.9208665289	-0.8799151521	-0.3213997986	-0.8290132216
	-0.2489657848	-0.1821101801	-0.769413817	-0.702584095	-0.6301691576
	-0.5539515379	-0.4758073005	-0.3976598382	-0.3214325022	-0.2490012324
	-0.1821483534	-0.1225186763	-0.07157898412	-0.03058190274	-0.00053504353
	0.01782381947	0.02404492756	0.01797762213	-0.0002259371141	-0.1619802207
	-0.1408539366	-0.1188617741	-0.09613953225	-0.07282752565	-0.0490697211
	-0.02501285101	-0.0008055102053	-0.9123657192	-0.9479494549	-0.8662952197
	-0.8108720457	-0.9721704806	-0.7474605	-0.6776214997	-0.9844325656
	-0.6030741352	-0.5256533331	-0.4472646658	-0.9844338785	-0.9721744207
	-0.3698374207	-0.9479560262	-0.9123749281	-0.8663070745	-0.2952770837
	-0.8108865559	-0.2254184075	-0.7474776756	-0.6776413502	-0.6030966687
	-0.5256785552	-0.4472925786	-0.3698680219	-0.2953103656	-0.2254543565
	-0.1620188173	-0.1065643092	-0.06045469167	-0.02482352532	-0.0005461453129
	0.01178190567	0.01185955426	-0.000312379035	-0.2004839275	-0.1743163013
	-0.1470771037	-0.1189345337	-0.09006237767	-0.06063894021	-0.03084594577
	-0.0008674202444	-0.9392030703	-0.8982505581	-0.9691972875	-0.8473478618
	-0.7877480207	-0.9874948556	-0.7209181441	-0.6485032793	-0.9936453611
	-0.5722858985	-0.4941420003	-0.4159949066	-0.9874974242	-0.969202427
	-0.3397678932	-0.9392107853	-0.898260855	-0.8473607481	-0.2673368201
	-0.7877635051	-0.7209362348	-0.6485239838	-0.5723092225	-0.4941679466
	-0.4160234746	-0.339799078	-0.2673706118	-0.2005203113	-0.1408928922
	-0.08995503742	-0.04895926586	-0.0189130756	-0.0005541201546	0.005667969812
	-0.0003973284221	-0.2377515206	-0.2067038583	-0.1743855412	-0.1409961314
	-0.1067418165	-0.07183413976	-0.03648869757	-0.000923812501	-0.9602511147
	-0.9246688597	-0.8786002744	-0.9844711196	-0.8231794123	-0.7597705307
	-0.9967326611	-0.689934493	-0.6153903276	-0.9967339162	-0.537972892
	-0.4595876835	-0.3821639086	-0.9844748858	-0.960257395	-0.3076069671
	-0.924677659	-0.8786115987	-0.8231932685	-0.7597869262	-0.6899534344
	-0.6154118203	-0.5379969394	-0.4596142862	-0.3821930638	-0.3076386679
	-0.2377857558	-0.1743530554	-0.1189010278	-0.0727934264	-0.03716369861
	-0.01288705937	-0.0005589230971	-0.0004802265382	-0.2735532162	-0.2378169048
	-0.2006186924	-0.1621882751	-0.1227629707	-0.08258625749	-0.04190627507
	-0.0009742968198	-0.9453873716	-0.975380232	-0.9044367046	-0.8535363091
	-0.9936769539	-0.7939391826	-0.7271123821	-0.999827137	-0.6547008941
	-0.5784871225	-0.9936794056	-0.5003469904	-0.422203739	-0.3459805579
	-0.9753851371	-0.9453947335	-0.904446528	-0.8535485997	-0.7939539464
	-0.727129625	-0.6547206214	-0.5785093376	-0.5003716948	-0.4222309313
	-0.3460102336	-0.2735853671	-0.2067384727	-0.1471141665	-0.09617902568
	-0.05518545715	-0.02514083933	-0.006782697967	-0.000560527088	-0.3076682656
	-0.2674635918	-0.2256147884	-0.1823802698	-0.1380270218	-0.09282895722
	-0.04706522933	-0.001018513498	-0.9246979769	-0.960278497	-0.9844973108
	-0.8786316422	-0.8232135073	-0.9967582231	-0.7598077805	-0.6899752657
	-0.9967594193	-0.6154349232	-0.5380215354	-0.9845009001	-0.4596405183
	-0.3822209921	-0.9602844816	-0.9247063603	-0.8786424289	-0.8232267024
	-0.759823389	-0.6899932923	-0.6154553715	-0.5380444074	-0.4596658137
	-0.3822487081	-0.3076983964	-0.2378494416	-0.1744204724	-0.1189718455
	-0.0728672029	-0.03723987378	-0.01296494632	-0.0006376990959	-0.3398863153
	-0.2954611072	-0.2492196822	-0.2014475813	-0.152439813	-0.1024990366
	-0.05193369868	-0.001056134166	-0.9392593036	-0.8983107936	-0.9692505835
	-0.9875463247	-0.8474130972	-0.7878191656	-0.9936961399	-0.7209959985
	-0.6485885155	-0.9875486577	-0.5723790448	-0.4942434278	-0.9692552508
	-0.4161048185	-0.9392663077	-0.8983201378	-0.8474247857	-0.7878332028
	-0.7210123885	-0.6486072617	-0.5724001495	-0.4942668915	-0.4161306396
	-0.33991449	-0.2674941136	-0.2006515525	-0.1410313192	-0.09009988106
	-0.0491095282	-0.01906751394	-0.0007112296465	-0.3700087038	-0.3216368011
	-0.2712877979	-0.2192726022	-0.1659124277	-0.1115368153	-0.05648160369
	-0.001086862282	-0.9480310555	-0.9124525525	-0.8663888434	-0.9722484902
	-0.9845086789	-0.8109739011	-0.7475718793	-0.9845098154	-0.6777435159
	-0.6032076958	-0.9722519003	-0.5257991185	-0.4474231119	-0.9480367407
	-0.9124605154	-0.8663990873	-0.8109864296	-0.747586696	-0.677760624
	-0.6032270976	-0.5258208151	-0.4474471027	-0.3700349862	-0.2954896767
	-0.2256456385	-0.1622213975	-0.106777202	-0.06067657925	-0.02505273542
	-0.0007806264627	-0.3978496854	-0.3458292504	-0.2916830273	-0.2357453762
	-0.1783617369	-0.1198865012	-0.06068083083	-0.001110433179	-0.920969864
	-0.9509593167	-0.8800238573	-0.8291293041	-0.9692539296	-0.9754033276
	-0.7695391054	-0.702720197	-0.9692561426	-0.6303174228	-0.5541130271
	-0.9509637436	-0.4759827612	-0.9209765067	-0.8800327181	-0.8291403862
	-0.7695524117	-0.7027357304	-0.6303351856	-0.5541330207	-0.4760049857
	-0.3978741392	-0.3216634812	-0.2492485838	-0.1824113867	-0.1227962957
	-0.07186966549	-0.03088366571	-0.0008454202909	-0.4232375751	-0.3678892522
	-0.3102795676	-0.250764274	-0.1897109092	-0.1274965329	-0.06450540379
	-0.001126613605	-0.923810369	-0.8882341939	-0.9480262191	-0.8421735272
	-0.7867622974	-0.9602855821	-0.9602866584	-0.7233645974	-0.6535410901
	-0.9480294482	-0.5790105753	-0.5016076598	-0.9238157522	-0.888241733
	-0.8421832247	-0.7867741557	-0.723378619	-0.6535572773	-0.5790289294
	-0.5016281815	-0.4232602637	-0.3458541039	-0.2713148129	-0.2014767532
	-0.1380583451	-0.08261972641	-0.03652430705	-0.0009051670666	-0.4460158063
	-0.3876807433	-0.326962696	-0.2642366184	-0.1998898833	-0.1343198947
	-0.06793164116	-0.001135200678	-0.9209567285	-0.8909693719	-0.8500262503
	-0.9392500544	-0.7991353354	-0.7395494722	-0.9453989825	-0.9392521464
	-0.6727355236	-0.6003382469	-0.9209609132	-0.5241397907	-0.8909756506
	-0.8500346248	-0.7991458077	-0.7395620446	-0.6727501981	-0.6003550249
	-0.524158673	-0.4460367929	-0.3679123418	-0.2917082177	-0.21929989
	-0.1524691941	-0.09286042721	-0.04193982999	-0.0009594498295	-0.4660438956
	-0.4050816379	-0.341629475	-0.276079254	-0.2088357966	-0.1403144042
	-0.07093829956	-0.001136020163	-0.9124267333	-0.8882126879	-0.8526391796
	-0.8065820168	-0.9246851631	-0.7511750807	-0.6877823949	-0.9246861787
	-0.9124297804	-0.617964535	-0.5434402012	-0.8882177673	-0.8526462926
	-0.8065911651	-0.7511862661	-0.6877956192	-0.6179797997	-0.5434575072
	-0.4660632432	-0.3877021318	-0.3103029956	-0.2357708413	-0.165939927
	-0.1025285666	-0.04709678708	-0.001007880355	-0.4831983083	-0.4199845788
	-0.3541893857	-0.2862190568	-0.2164933707	-0.1454429687	-0.07350670108
	-0.00112892394	-0.8982731956	-0.8799813222	-0.8499963485	-0.80905653
	-0.7581698039	-0.9044215998	-0.6985889532	-0.6317807538	-0.898275166
	-0.8799852633	-0.5593898597	-0.8500022614	-0.809064416	-0.7581796644
	-0.6986007897	-0.6317945677	-0.559405652	-0.4832160795	-0.4051013879
	-0.3269844238	-0.250787978	-0.1783874151	-0.1115644651	-0.05196331783
	-0.001050100466	-0.4973732194	-0.4322975987	-0.3645648835	-0.2945933829
	-0.2228152486	-0.1496738105	-0.07562084414	-0.001113786515	-0.8663262348
	-0.878583624	-0.8421142206	-0.8065437416	-0.760490591	-0.7050886005
	-0.8785845786	-0.6417017108	-0.5718903901	-0.8663290989	-0.8421189947
	-0.8065504267	-0.7604991883	-0.7050991113	-0.6417141362	-0.5719047313
	-0.4973894769	-0.4200027527	-0.3416495649	-0.2642586233	-0.1897348276
	-0.1199123313	-0.05650934369	-0.001085782993	-0.5084811663	-0.4419446851
	-0.3726918745	-0.3011504512	-0.227762282	-0.1529806576	-0.07726749687
	-0.001090500365	-0.829041591	-0.8473318523	-0.8534796827	-0.7990592946
	-0.7581232302	-0.7072413069	-0.6476662345	-0.8473337004	-0.5808646793
	-0.8290452876	-0.7990648404	-0.758130626	-0.7072505539	-0.6476773337
	-0.5808776316	-0.5084959724	-0.4323142589	-0.3542078999	-0.2760996216
	-0.1999121032	-0.1275206041	-0.06070675184	-0.001114632321	-0.5164535875
	-0.4488662489	-0.3785201073	-0.3058496587	-0.2313037683	-0.1553428994
	-0.07843627213	-0.001058969839	-0.7866495186	-0.8108592881	-0.8231155452
	-0.8231164387	-0.7510824436	-0.7050338635	-0.6496375564	-0.5862573549
	-0.8108619686	-0.7866539866	-0.7510886997	-0.7050419086	-0.6496473913
	-0.5862689805	-0.5164670044	-0.4419598939	-0.3645818842	-0.2862378491
	-0.2088563799	-0.1343422682	-0.06452956648	-0.001136384497	-0.5212412464
	-0.4530194897	-0.3820134807	-0.3086618264	-0.2334176332	-0.1567457072
	-0.07911968333	-0.001019103273	-0.7693911493	-0.7394118061	-0.7876796743
	-0.7938268986	-0.7876813999	-0.6984799731	-0.6476035435	-0.5880351295
	-0.7693946007	-0.7394169839	-0.6984868778	-0.647612176	-0.5880454904
	-0.5212533364	-0.4488800685	-0.3727074238	-0.294610662	-0.2165123792
	-0.1403351414	-0.0679541066	-0.001150806807	-0.5228145365	-0.4543786597
	-0.3831502627	-0.3095693732	-0.2340905592	-0.1571801153	-0.0793131802
	-0.0009708028376	-0.7473908583	-0.7231834872	-0.6876201779	-0.7596459454
	-0.7596467775	-0.7473933548	-0.6415767832	-0.5861870116	-0.7231876482
	-0.687626004	-0.641584275	-0.5861961697	-0.5228253615	-0.4530319821
	-0.3785342674	-0.301166279	-0.222832744	-0.1454621314	-0.07095912909
	-0.001157696772	-0.5211636663	-0.4529352219	-0.3819232206	-0.3085664176
	-0.2333180577	-0.1566430649	-0.07901516365	-0.0009139515247	-0.7024978179
	-0.720784592	-0.6725216278	-0.6315945199	-0.7269312294	-0.7207861948
	-0.7025010237	-0.5807243816	-0.6725264368	-0.6316009328	-0.5807323987
	-0.5211732882	-0.4543898869	-0.3820263135	-0.3058640972	-0.2277783263
	-0.1496914604	-0.07352595623	-0.001156880446	-0.5162987259	-0.4486979038
	-0.3783396621	-0.3056588048	-0.2311044842	-0.1551374073	-0.07822697879
	-0.0008483965033	-0.6532776897	-0.6774826807	-0.6897367128	-0.6177184482
	-0.5716809355	-0.6897374835	-0.6774849927	-0.6532815433	-0.6177238438
	-0.5716878734	-0.5163072066	-0.4529452458	-0.3831618301	-0.3086749376
	-0.2313184233	-0.1529968564	-0.07563858659	-0.001148209919	-0.5082496333
	-0.4416926458	-0.3724213843	-0.3008640592	-0.2274629947	-0.152671867
	-0.07695288503	-0.0007739279436	-0.6300074041	-0.6000343679	-0.6482927155
	-0.6544389337	-0.5591124992	-0.6482941954	-0.6300103639	-0.6000388079
	-0.5591184196	-0.5082570346	-0.4487067863	-0.3819335846	-0.309581219
	-0.2334309609	-0.1553577091	-0.07728378837	-0.001131559838	-0.4970659658
	-0.4319624453	-0.3642045327	-0.2942112601	-0.2224154426	-0.1492609618
	-0.07520000239	-0.0006902523072	0.0004051642854	-0.0002526358458	-0.0004934813646
	0.000213609421	-0.0001129149114	-0.0003790483064	-0.0005969592038	4.179916292e-05
	-0.6028547871	-0.5786517133	-0.5430967224	-0.6151083205	-0.6151090296
	-0.6028569146	-0.5786552592	-0.543101687	-0.4970723494	-0.4417004486
	-0.3783488846	-0.3085770599	-0.2341026215	-0.1567591895	-0.0784511745
	-0.001106822772	-0.4828166798	-0.4195670986	-0.3537393667	-0.2857408389
	-0.2159922138	-0.14492488	-0.07297823299	0.0005303146101	-0.04565501207
	-0.05969122914	-0.0636380081	-0.07030015724	-0.06718090552	-0.05067519945
	-0.05536239232	-0.5537029755	-0.5719879625	-0.5237326669	-0.578134392
	-0.5719893192	-0.553705689	-0.5237367373	-0.4828221074	-0.4319692304
	-0.3724295271	-0.3056683054	-0.2333289164	-0.1571923322	-0.0791332584
	-0.001073903126	-0.4655897295	-0.404582839	-0.3410899287	-0.2755042935
	-0.208231997	-0.1396893131	-0.04041788116	0.0006941676249	-0.09145827268
	-0.1104456657	-0.1189204249	-0.1266486914	-0.1335852438	-0.1012738188
	-0.5011403263	-0.5253430516	-0.5375980519	-0.5375986994	-0.5253449943
	-0.5011435642	-0.4655942628	-0.4195729276	-0.3642116575	-0.30087248
	-0.2311142011	-0.1566540781	-0.07932548982	-0.001032709266	-0.4454915985
	-0.3871018668	-0.3263336046	-0.2635638121	-0.1991814879	-0.08114479637
	-0.03489141176	0.0009053172043	-0.1367198712	-0.164867186	-0.1512687933
	-0.1774341535	-0.1888950232	-0.4754601675	-0.493748552	-0.4998975647
	-0.4937497855	-0.4754626345	-0.4454952992	-0.4045877736	-0.3537455353
	-0.2942186629	-0.2274716317	-0.1551472788	-0.07902626965	-0.0009831433726
	-0.4226467657	-0.3672317443	-0.3095605489	-0.2499917935	-0.07029533876
	-0.1213950056	-0.02910197755	0.001179523026	-0.1811584973	-0.200350483
	-0.2182901015	-0.2348702498	-0.446852973	-0.4591169628	-0.4591175488
	-0.4468547309	-0.4226496955	-0.3871059687	-0.3410952028	-0.2857472853
	-0.2224230616	-0.1526806586	-0.078236943	-0.0009250884354	-0.3971971086
	-0.3450945605	-0.290872914	-0.1052912261	-0.05897307362	-0.1609156171
	-0.02307286799	0.001548927666	-0.2244996362	-0.2482157471	-0.2703837838
	-0.415500968	-0.4216644832	-0.4155020783	-0.3971993292	-0.3672350751
	-0.3263380459	-0.2755098454	-0.2159988763	-0.1492687352	-0.07696176925
	-0.0008583916132	-0.3693010526	-0.320825573	-0.1396545901	-0.08850832314
	-0.04724307849	-0.1994593396	-0.01682112538	0.00208926643	-0.2664803591
	-0.2945705344	-0.3816141856	-0.3816147099	-0.3693026254	-0.345097182
	-0.3095642191	-0.2635685312	-0.208237765	-0.144931697	-0.07520786842
	-0.0007828430613	-0.3391310064	-0.1731661267	-0.1175110312	-0.07115126709
	-0.03517338383	-0.2367867183	-0.0103553036	0.003015445633	-0.306860277
	-0.3454595433	-0.3391319933	-0.3208275469	-0.2908758749	-0.2499957414
	-0.199186423	-0.1396952355	-0.07298514261	-0.0006981492243	-0.205612899
	-0.1457912993	-0.09462692253	-0.05333182472	-0.02284135022	-0.2726660153
	-0.003690500824	0.005067161464	-0.3068607396	-0.2945719223	-0.270386097
	-0.2348734884	-0.1888991872	-0.1335903332	-0.07030617219	-0.0006038996946
	-0.2367871193	-0.173166466	-0.1175113088	-0.071151483	-0.03517353805
	-0.01035539613	0.003015414788	-0.2664812227	-0.2482174743	-0.2182926923
	-0.177437608	-0.1266530096	-0.06718608755	-0.0004995271871	-0.1994600799
	-0.139655207	-0.08850881664	-0.04724344862	-0.01682137213	0.002089143053
	-0.2245008391	-0.2003524878	-0.1648699928	-0.1189240337	-0.06364241894
	-0.0003842612035	-0.160916635	-0.1052920588	-0.05897372134	-0.02307333065
	0.001548650069	-0.1811599778	-0.151271014	-0.1104486268	-0.05969493051
	-0.0002570775478	-0.1213962394	-0.07029632577	-0.02910271781	0.00117902952
	-0.1367215676	-0.1012761938	-0.05536544593	-0.0001166471376	-0.08114618435
	-0.0348924913	0.000904546101	-0.09146012333	-0.050677667	3.871470211e-05
	-0.04041936168	0.0006930572349	-0.04565695526	0.000211111022	0.0005288032433
	0.0004031902498	