0
1.16326e-05
0.000101375
0.000378166
0.000940585
0.00181402
0.00290997
0.00403605
0.00496335
0.0055259
0.00570427
0.00564525
0.0055989
0.00579779
0.00633847
0.00712983
0.00794112
0.00852861
0.00877372
0.00875436
0.00870451
0.00887804
0.00938973
0.0101247
0.0107752
0.0109957
0.0105987
0.00968555
0.00863516
0.00794221
0.00798089
0.0088104
0.0101244
0.0113763
0.0120261
0.0117904
0.0107779
0.00944288
0.00838175
0.00806629
0.00863836
0.00985651
0.0112127
0.01216
0.0123461
0.0117501
0.0106715
0.00958335
0.00892295
0.00891025
0.00946861
0.0102737
0.010903
0.0110185
0.0105075
0.0095243
0.00842068
0.00759578
0.00732939
0.00766815
0.00841123
0.00920067
0.00967624
0.00962768
0.00907778
0.00826132
0.00751164
0.00710855
0.00715779
0.00755571
0.00805117
0.00837025
0.0083418
0.00796492
0.00739221
0.0068447
0.00650644
0.00645046
0.00662657
0.00690616
0.00715224
0.00727634
0.00725892
0.00713468
0.00696272
0.00680334
0.00671081
0.00673462
0.00691482
0.00726365
0.00774206
0.00825138
0.00865759
0.00884751
0.00879214
0.00858033
0.00839518
0.00843476
0.00881167
0.00948383
0.0102573
0.0108667
0.0110964
0.0108818
0.0103387
0.00970364
0.00921919
0.00902189
0.00909193
0.00928564
0.00942762
0.00940752
0.00922803
0.00898156
0.00877598
0.00865826
0.0085837
0.00844837
0.00816321
0.00772261
0.00722393
0.00682419
0.00665802
0.00676434
0.00706431
0.00740329
0.00763282
0.00768657
0.00760847
0.00751991
0.0075469
0.00774945
0.00809164
0.00846608
0.00875544
0.00889493
0.00890206
0.00886077
0.00887287
0.0090055
0.009262
0.00958686
0.00989663
0.0101168
0.0102062
0.0101624
0.0100131
0.00980435
0.00959209
0.00943768
0.0093999
0.00952014
0.00980364
0.0102072
0.010644
0.0110093
0.0112177
0.0112358
0.0110935
0.0108678
0.0106475
0.0104973
0.0104375
0.0104483
0.0104916
0.010537
0.0105769
0.0106245
0.0107006
0.0108191
0.01098
0.0111708
0.0113732
0.0115652
0.0117198
0.0118017
0.0117717
0.0116017
0.0112956
0.0109041
0.0105197
0.0102491
0.0101704
0.0102961
0.0105605
0.0108424
0.0110133
0.0109913
0.0107762
0.0104494
0.0101418
0.00998281
0.0100536
0.0103596
0.0108303
0.0113402
0.0117456
0.0119248
0.0118169
0.011448
0.0109369
0.0104689
0.0102388
0.010375
0.0108748
0.0115846
0.0122445
0.0125911
0.0124782
0.0119581
0.0112781
0.010781
0.0107493
0.0112647
0.0121559
0.0130651
0.0136103
0.0135653
0.0129692
0.0121105
0.011391
0.0111372
0.011454
0.0121897
0.013028
0.0136522
0.0138965
0.0138073
0.0135912
0.0134855
0.013628
0.0139955
0.0144388
0.0147857
0.0149455
0.0149549
0.0149404
0.0150256
0.0152419
0.0155013
0.0156468
0.0155526
0.0152117
0.0147568
0.0143955
0.0142948
0.0144771
0.0147909
0.0149772
0.0148021
0.0141883
0.013274
0.0123637
0.0117899
0.0117493
0.0121952
0.012839
0.0132688
0.0131324
0.0123064
0.0109723
0.00956337
0.00859905
0.00847222
0.00927751
0.0107535
0.0123673
0.0135146
0.0137567
0.0130035
0.0115624
0.0100291
0.00905636
0.00909039
0.0101813
0.0119503
0.0137326
0.0148447
0.0148673
0.0138247
0.0121829
0.010661
0.00993269
0.0103417
0.0117529
0.0136028
0.0151316
0.0156987
0.0150515
0.0134349
0.0114977
0.0100348
0.00967116
0.0106152
0.012578
0.0148888
0.0167572
0.0175779
0.0171608
0.015797
0.0141387
0.0129415
0.0127695
0.0137772
0.0156541
0.017752
0.0193461
0.0199247
0.0193915
0.0180981
0.0166922
0.0158449
0.0159717
0.0170637
0.0187009
0.0202402
0.0210959
0.0209898
0.0200648
0.0188166
0.0178753
0.0177384
0.0185661
0.020124
0.0218878
0.0232568
0.0237838
0.0233295
0.0220913
0.0205087
0.0190957
0.0182662
0.0182102
0.0188527
0.0198934
0.0209074
0.0214753
0.0213099
0.0203487
0.0187866
0.0170308
0.0155816
0.0148667
0.0150804
0.0160917
0.0174655
0.018607
0.0189828
0.0183392
0.0168241
0.0149567
0.0134438
0.012911
0.013653
0.0155071
0.0179027
0.0200724
0.0213403
0.0213771
0.0203195
0.0187107
0.0172858
0.0166877
0.0172196
0.0187302
0.0206695
0.0222958
0.0229552
0.0223307
0.0205703
0.0182429
0.0161368
0.0149705
0.0151198
0.0164654
0.018424
0.0201583
0.0208954
0.0202356
0.018329
0.0158447
0.0137305
0.0128483
0.0136248
0.0158569
0.0187616
0.0212627
0.0224108
0.0217722
0.019627
0.0168852
0.0147419
0.0142009
0.015657
0.0187113
0.0223057
0.0251323
0.0261596
0.0250604
0.0223607
