0
8.74545e-07
7.06689e-06
2.40063e-05
5.34505e-05
9.07158e-05
0.000125765
0.000147756
0.000150524
0.0001359
0.000113075
9.45677e-05
9.12003e-05
0.000108768
0.000147643
0.000204506
0.000274106
0.000349421
0.000420355
0.000472986
0.000491762
0.000465427
0.000394592
0.000296609
0.000203538
0.000151889
0.000167369
0.000251435
0.000376887
0.000496212
0.00056037
0.000540186
0.000440446
0.000299529
0.000173956
0.000114316
0.000143331
0.00024601
0.000376373
0.000477631
0.000506699
0.00045219
0.000338259
0.000213196
0.00012831
0.000116498
0.000179483
0.000288503
0.000397374
0.000461917
0.000457612
0.000388604
0.000285013
0.000190167
0.000143131
0.000163415
0.000243653
0.00035285
0.000448759
0.00049444
0.000472523
0.000391591
0.000282243
0.000184565
0.000132194
0.000139521
0.000197133
0.000277042
0.000345046
0.000374699
0.000356997
0.000302126
0.000233324
0.00017624
0.000148695
0.000154955
0.00018613
0.000225525
0.000256002
0.000266252
0.000253993
0.000225712
0.000193744
0.000171928
0.00017101
0.000194787
0.000238
0.000286966
0.000323487
0.000331462
0.000304132
0.000248848
0.00018652
0.000144844
0.000147268
0.000202187
0.000297455
0.00040338
0.000483644
0.000509762
0.00047276
0.000386842
0.000283457
0.000198577
0.000158963
0.000173302
0.000231376
0.000310496
0.000385308
0.000436282
0.000453848
0.000437917
0.000394857
0.000334472
0.000268377
0.000209292
0.000169755
0.000159203
0.000180056
0.00022499
0.000277819
0.000318836
0.000332848
0.000316175
0.000278741
0.000239645
0.000217949
0.000223181
0.000250498
0.000283209
0.000301551
0.000293268
0.000260491
0.000219276
0.000191938
0.000196004
0.000235327
0.000297696
0.000360025
0.000398484
0.00039873
0.00036169
0.000302659
0.000244687
0.000209506
0.00020987
0.000245976
0.000306622
0.00037387
0.000429092
0.000458359
0.000455865
0.000424872
0.000376272
0.00032524
0.000286775
0.000271275
0.000281452
0.00031174
0.000350563
0.000384779
0.000404631
0.000407216
0.00039707
0.000383667
0.000376993
0.000383128
0.000401646
0.000425782
0.000445085
0.000449413
0.000432768
0.000395757
0.000346009
0.000296457
0.000261863
0.000254334
0.000278997
0.000331235
0.000396838
0.000455695
0.000488358
0.000483398
0.000442588
0.000381362
0.000323696
0.000292991
0.000302551
0.000349759
0.000416681
0.000477058
0.000506799
0.000493534
0.000441241
0.000368253
0.000299831
0.000258654
0.000257064
0.000293719
0.000355218
0.000421368
0.000471862
0.000492234
0.000477729
0.000434464
0.000377742
0.000327709
0.000303075
0.000314426
0.000359405
0.000422136
0.000478065
0.000503192
0.000484288
0.000425537
0.000348018
0.000281473
0.000251576
0.000268481
0.00032223
0.000387548
0.000435926
0.000449144
0.000427546
0.000388909
0.000358599
0.000356176
0.000385402
0.000432764
0.000475077
0.000491963
0.000476579
0.000439061
0.000401165
0.000385231
0.000403354
0.000452197
0.000515565
0.000572717
0.000607647
0.000614648
0.000598063
0.000567555
0.000532457
0.000498661
0.000469261
0.00044744
0.000438539
0.000448879
0.000481351
0.000530374
0.000579976
0.000607516
0.00059258
0.000527339
0.000423191
0.000309607
0.000224528
0.000199691
0.000246978
0.000351874
0.000477314
0.000576889
0.000612384
0.000568746
0.000460489
0.000326882
0.00021759
0.000174121
0.000214043
0.000323954
0.000464023
0.000582629
0.000635826
0.00060436
0.000501641
0.000369246
0.000261228
0.000222958
0.000272671
0.000393218
0.000537784
0.000647796
0.000676243
0.000607104
0.000462869
0.000296746
0.000172331
0.000138679
0.000210715
0.000362888
0.000538702
0.000672459
0.00071466
0.00065115
0.000508526
0.000343793
0.00022231
0.000192622
0.000267888
0.000421076
0.000595755
0.000728294
0.000772779
0.000718855
0.000595372
0.000458273
0.000367555
0.000362653
0.000446436
0.000584607
0.000720887
0.000801622
0.000799248
0.00072435
0.00062088
0.000546432
0.000546146
0.000631737
0.000775033
0.000919054
0.00100199
0.000983772
0.000863866
0.000682785
0.00050681
0.00040238
0.000410606
0.000531855
0.000725852
0.000926524
0.00106536
0.00109461
0.00100236
0.000815341
0.000589269
0.000390733
0.000276473
0.000276212
0.000383902
0.000559772
0.000742723
0.000869624
0.000895845
0.000810458
0.000640709
0.000443514
0.000286172
0.00022267
0.000274089
0.000420672
0.000608971
0.000771771
0.000853342
0.000830264
0.000719648
0.000571537
0.000448542
0.000400866
0.000446658
0.000565367
0.000706602
0.000810773
0.0008333
0.000762817
0.000626266
0.000478854
0.000382662
0.00038206
0.000485345
0.00065983
0.000842643
0.000963637
0.000972091
0.000857136
0.000653821
0.000431847
0.000270516
0.000228905
0.000322586
0.000516211
0.00073555
0.000895129
0.000931296
0.000827919
0.000624279
0.000401301
0.000250733
0.000238879
0.000379157
0.000624815
0.000885516
0.00106208
0.00108606
0.000948459
0.000705415
0.000457747
0.00031158
0.000335345
0.000530515
