0
1.11283e-07
1.60091e-06
8.61222e-06
2.83555e-05
6.82753e-05
0.000131123
0.000211091
0.000294311
0.000364602
0.00041171
0.000436929
0.000451877
0.000470243
0.000497178
0.000523485
0.000529713
0.000499418
0.000434364
0.000361656
0.000325966
0.00036812
0.000500102
0.000690584
0.000871434
0.00096536
0.000923048
0.000751435
0.000517314
0.000321787
0.000255714
0.000356732
0.000588893
0.000855876
0.00104275
0.00106741
0.000917797
0.000657796
0.000399074
0.000252095
0.000278599
0.000466467
0.000737141
0.000980924
0.00110367
0.00106446
0.000889195
0.000655918
0.000460018
0.000374687
0.000422899
0.000571278
0.000746833
0.000868594
0.000880858
0.000774899
0.000591048
0.000400981
0.000277852
0.000266558
0.000366214
0.000531789
0.000693872
0.000787915
0.000780382
0.000680769
0.000534876
0.000403098
0.00033404
0.000345298
0.000419337
0.000514955
0.000587658
0.000608852
0.00057546
0.000507061
0.000433904
0.000382782
0.000367421
0.000386428
0.000427521
0.000474184
0.000511166
0.000527487
0.000517854
0.000483977
0.000435949
0.00039198
0.000374292
0.000400711
0.000474743
0.000579457
0.000680127
0.000736775
0.000722213
0.000637071
0.000513416
0.000403505
0.000357695
0.000401601
0.000523684
0.00067967
0.000811881
0.000874079
0.000849899
0.000756569
0.000633483
0.000522741
0.000452084
0.000428084
0.000440876
0.000475253
0.000520168
0.000571097
0.000625275
0.000674929
0.000704941
0.000698131
0.000645706
0.000556181
0.000456001
0.00037967
0.000353599
0.000382286
0.000444964
0.000505447
0.000530586
0.00050769
0.000451465
0.000396504
0.000379111
0.000418006
0.000504022
0.000604109
0.000677393
0.00069497
0.000653494
0.000576219
0.000501698
0.000466201
0.000488383
0.000562714
0.000663478
0.000756244
0.000811113
0.000812458
0.000762433
0.000678482
0.000586943
0.000515247
0.00048463
0.000504641
0.00057045
0.000663823
0.000758146
0.000826597
0.00085107
0.000828479
0.00077161
0.000703775
0.0006493
0.000623926
0.00062934
0.000654121
0.000680321
0.000692341
0.000683943
0.000660492
0.000635992
0.000626801
0.000644958
0.000693617
0.000765705
0.000845613
0.000913071
0.000948315
0.00093772
0.000878795
0.00078295
0.000674256
0.000583306
0.000537221
0.000549125
0.000611605
0.000697838
0.000771002
0.000798763
0.000766812
0.000685398
0.000585696
0.000507427
0.000483061
0.000525344
0.000623058
0.000746075
0.000856813
0.000923104
0.000927876
0.000873151
0.000778342
0.000674267
0.000594666
0.000566755
0.000602518
0.000693066
0.00080884
0.000907551
0.000949001
0.000912137
0.000807019
0.000674826
0.000573498
0.000553451
0.000633703
0.000790122
0.000962945
0.00108172
0.00109687
0.00100296
0.000841874
0.000683858
0.000595181
0.000608226
0.000708549
0.000844879
0.000956308
0.00100236
0.000980626
0.000923836
0.00087909
0.000881435
0.000935997
0.00101757
0.00108659
0.00111151
0.0010851
0.001026
0.000966135
0.000932137
0.00093187
0.000953261
0.000974997
0.000981557
0.000972863
0.000962599
0.000966514
0.000988487
0.00101378
0.00101482
0.000967267
0.000867633
0.000741698
0.000637474
0.000604367
0.000668005
0.00081335
0.000985523
0.0011097
0.0011223
0.00100003
0.000773531
0.000518925
0.000329619
0.000279508
0.000392355
0.000630093
0.000905365
0.00111409
0.00117578
0.00106586
0.000827021
0.000554133
0.000357913
0.000320867
0.000463047
0.000731926
0.0010216
0.00121469
0.00123055
0.00105992
0.00077115
0.00048414
0.000321992
0.000359908
0.000592664
0.000934702
0.00125338
0.00142211
0.00137169
0.00111881
0.000760254
0.000435035
0.000270094
0.000331051
0.000597411
0.000971465
0.00131685
0.00151134
0.00149329
0.00128408
0.000978292
0.000705788
0.000580592
0.000656452
0.000906386
0.00123428
0.00151404
0.00164077
0.0015733
0.00135052
0.00107452
0.000867254
0.000818753
0.00094896
0.00119968
0.00146033
0.00161649
0.0016001
0.00141952
0.00115623
0.00092994
0.000847471
0.000957438
0.00122993
0.00156884
0.00185066
0.00197265
0.00189096
0.00163453
0.00129155
0.000975842
0.000787203
0.000779741
0.000947574
0.00123012
0.00153313
0.00175794
0.00183069
0.00172413
0.00146648
0.00113448
0.000831267
0.000654182
0.000661545
0.000849913
0.00115138
0.00145441
0.00164289
0.0016398
0.00143869
0.00110923
0.000772982
0.000557605
0.000547134
0.000748369
0.00108742
0.00143834
0.00167258
0.00170958
0.00154813
0.0012662
0.000989398
0.000840646
0.000891067
0.00113102
0.00147249
0.00178196
0.00193132
0.00184772
0.00154361
0.0011153
0.000709825
0.000471686
0.000488577
0.000756472
0.0011779
0.00159548
0.00184952
0.00183886
0.00156167
0.00111963
0.000681908
0.000421395
0.000446801
0.000757407
0.00123949
0.00170774
0.00197711
0.00193735
0.00160031
0.00109959
0.000640528
0.000419041
0.000541137
0.000976189
0.00156455
0.0020785
0.0023133
0.00217203
0.00170858
