0
0.00644724
0.0183865
0.0340598
0.0511862
0.0673251
0.080264
0.0883753
0.0908936
0.0880956
0.0813903
0.0733341
0.067459
0.0674445
0.074931
0.0880718
0.103808
0.119648
0.133498
0.143335
0.14725
0.14379
0.132443
0.114281
0.0930298
0.0769724
0.0774528
0.0947723
0.117414
0.135971
0.145272
0.14303
0.129399
0.107249
0.0835576
0.0719295
0.0833758
0.107908
0.131606
0.147076
0.15101
0.142741
0.123933
0.0989665
0.0766639
0.0712238
0.0869309
0.110468
0.130724
0.142443
0.143656
0.134671
0.117967
0.098692
0.08537
0.0865732
0.100976
0.119249
0.1337
0.140123
0.136912
0.124586
0.105832
0.0861422
0.0745154
0.0784591
0.0937738
0.110736
0.122963
0.127593
0.124162
0.114102
0.10058
0.0883225
0.0824302
0.0850274
0.093232
0.102221
0.108466
0.110317
0.107621
0.101399
0.0936937
0.0873877
0.0854441
0.0891745
0.0970561
0.105802
0.112127
0.113653
0.109281
0.0995845
0.0874801
0.079001
0.0812858
0.0952156
0.114458
0.132232
0.143986
0.147291
0.141604
0.128277
0.110759
0.0949193
0.0881366
0.0939614
0.10795
0.123141
0.134916
0.141179
0.141498
0.136428
0.127045
0.114686
0.100997
0.0882703
0.0796988
0.0782582
0.0840165
0.0937011
0.103205
0.109441
0.110891
0.107778
0.102141
0.0975355
0.0975421
0.103165
0.111812
0.119333
0.122343
0.119244
0.110559
0.0991885
0.0903991
0.0898266
0.0985465
0.11193
0.124248
0.131572
0.132091
0.125876
0.114729
0.102153
0.0930376
0.0917953
0.0988703
0.110464
0.122077
0.130593
0.134415
0.133189
0.127614
0.11938
0.111064
0.105654
0.105289
0.109867
0.117157
0.124298
0.129068
0.130413
0.128551
0.124852
0.121438
0.120354
0.122477
0.126975
0.131835
0.134878
0.134509
0.130068
0.12198
0.111849
0.102501
0.0974946
0.0993157
0.107374
0.118542
0.129221
0.136595
0.139003
0.136067
0.128812
0.11977
0.112712
0.111268
0.116511
0.126006
0.135675
0.141977
0.142834
0.137801
0.128036
0.11622
0.106234
0.101909
0.10468
0.112538
0.121879
0.129639
0.134011
0.134348
0.130959
0.124993
0.118382
0.113618
0.113019
0.117491
0.125717
0.134758
0.141418
0.14328
0.139239
0.129861
0.117705
0.107388
0.1042
0.110252
0.122237
0.134573
0.142932
0.145282
0.14187
0.134967
0.128235
0.125225
0.127189
0.132217
0.136849
0.138316
0.135737
0.130395
0.125357
0.124151
0.12851
0.137069
0.146567
0.153916
0.157336
0.156563
0.152572
0.147054
0.141748
0.137871
0.135883
0.13569
0.137082
0.139979
0.144218
0.149059
0.152977
0.153999
0.150357
0.141135
0.126832
0.109951
0.0956054
0.0906965
0.0985408
0.114556
0.131363
0.143548
0.148128
0.144134
0.132482
0.116161
0.100691
0.0937893
0.100358
0.116278
0.133499
0.146099
0.15087
0.14687
0.135336
0.119979
0.107339
0.105287
0.116462
0.134681
0.15171
0.161776
0.161734
0.150712
0.130112
0.104249
0.0823595
0.0790936
0.0979705
0.125038
0.148941
0.164027
0.167857
0.160282
0.143359
0.121755
0.103603
0.0992269
0.1117
0.132465
0.151923
0.164321
0.167142
0.160446
0.146789
0.131413
0.121795
0.124042
0.137124
0.15402
0.167796
0.174243
0.172063
0.162777
0.150699
0.142315
0.143416
0.154478
0.170171
0.183749
0.190259
0.187347
0.175341
0.157393
0.13974
0.130824
0.136372
0.153679
0.174709
0.192306
0.202043
0.201881
0.191712
0.173156
0.149649
0.126919
0.113102
0.114864
0.130227
0.150796
0.169004
0.18004
0.181308
0.172032
0.15327
0.128368
0.104214
0.092365
0.101372
0.12434
0.14914
0.168106
0.177545
0.176551
0.16667
0.151947
0.138838
0.134489
0.141778
0.156351
0.170921
0.179724
0.179658
0.170274
0.153873
0.135902
0.124854
0.128421
0.145884
0.168806
0.188684
0.199855
0.199283
0.186198
0.162095
0.131299
0.102816
0.0921429
0.107751
0.136584
0.164033
0.182245
0.187556
0.179128
0.158807
0.131798
0.108519
0.104323
0.123868
0.153535
0.180124
0.196259
0.198512
0.186524
0.163138
0.13546
0.116716
0.121716
0.148137
