0
1.27322e-06
1.06044e-05
3.77147e-05
8.93485e-05
0.000164069
0.000250298
0.000328768
0.000378696
0.000385371
0.000346194
0.00027276
0.000187996
0.000119206
8.93294e-05
0.000109376
0.000174582
0.000265648
0.000354726
0.000414291
0.000426053
0.000386968
0.000310252
0.000220934
0.000147302
0.000111133
0.000120169
0.000165636
0.000225862
0.000274769
0.000292059
0.000271154
0.000221704
0.000165557
0.000127735
0.000126003
0.0001633
0.000226171
0.000289929
0.000328528
0.000325169
0.000279346
0.000207471
0.000136774
9.48905e-05
9.92088e-05
0.000150143
0.000230896
0.000313757
0.000370455
0.000382578
0.000348122
0.000281764
0.00020887
0.000155638
0.0001392
0.000161454
0.000208941
0.000258705
0.000287767
0.000282475
0.000244032
0.000188053
0.000138344
0.00011738
0.000137249
0.000194611
0.000271639
0.000342526
0.000383004
0.0003792
0.000332484
0.000258619
0.000181683
0.000125223
0.000103997
0.000119295
0.000159397
0.000204732
0.000235645
0.000239805
0.000216528
0.000176531
0.00013731
0.000115987
0.00012235
0.000154804
0.000200814
0.000241797
0.000260625
0.000248843
0.000210665
0.000161976
0.000124483
0.000117141
0.00014821
0.000211188
0.000286468
0.000348309
0.000374544
0.000355294
0.000297237
0.000221694
0.000157174
0.000129161
0.000150933
0.000218761
0.000313122
0.000405324
0.000467046
0.000479402
0.000438499
0.000355842
0.000253787
0.000157854
8.8625e-05
5.59361e-05
5.71228e-05
7.96811e-05
0.000107168
0.000126087
0.000131182
0.000127132
0.000126001
0.000141384
0.000181603
0.000244743
0.000317789
0.000380496
0.000412729
0.000402457
0.000351123
0.000274051
0.000195432
0.000139693
0.000122542
0.000145235
0.000194349
0.000247176
0.000280625
0.000280125
0.000245086
0.000188882
0.000133457
0.000100773
0.000104404
0.00014447
0.000207714
0.00027256
0.000317152
0.000327334
0.000301639
0.000251535
0.000196937
0.00015872
0.000151039
0.000176287
0.000224512
0.000277475
0.00031576
0.000326235
0.000307011
0.000268011
0.00022692
0.000202094
0.000205175
0.000236284
0.000283694
0.00032814
0.000350146
0.00033757
0.000290499
0.000221592
0.000151748
0.000102659
8.90398e-05
0.000113384
0.000165198
0.00022499
0.000271555
0.000289863
0.000276633
0.000241479
0.000203159
0.000182272
0.000193107
0.000237752
0.000304743
0.000372888
0.000418894
0.000425953
0.000390003
0.000321279
0.000240526
0.000171373
0.000131816
0.000128081
0.000153151
0.000190375
0.000220588
0.000229849
0.000214791
0.000183607
0.00015245
0.000138782
0.000154303
0.000200113
0.000265855
0.000333076
0.000381541
0.000396204
0.000372427
0.000317603
0.00024867
0.000186347
0.000148114
0.000142401
0.000166065
0.000206095
0.000244953
0.000267526
0.00026701
0.000247363
0.000221272
0.000204414
0.000208359
0.000235113
0.000275739
0.000313765
0.000332081
0.000320438
0.000280337
0.000225107
0.000175012
0.000149307
0.000158495
0.00019997
0.000258835
0.000313582
0.000344359
0.000340596
0.00030506
0.000252877
0.000205993
0.000185218
0.000202737
0.000257713
0.000336378
0.000416435
0.000474155
0.000491799
0.000462943
0.000394134
0.000302457
0.000209969
0.000136881
9.57335e-05
8.84155e-05
0.000106884
0.000137145
0.000164931
0.000180959
0.00018384
0.000179659
0.000178532
0.000189599
0.000216541
0.000255437
0.000295859
0.000324811
0.000331962
0.000314121
0.000277145
0.000234447
0.000202538
0.000195171
0.000218193
0.000266994
0.000327575
0.000380944
0.000409387
0.000402478
0.000360708
0.00029545
0.000225215
0.000169496
0.000142334
0.000147893
0.000179572
0.000222914
0.000261178
0.000281453
0.000279037
0.000258498
0.00023112
0.000209876
0.000203959
0.000215082
0.000236982
0.00025831
0.000267688
0.00025887
0.000233894
0.000202841
0.000180204
0.000179167
0.000206017
0.000256924
0.000318513
0.000372225
0.000400963
0.000395555
0.000358484
0.00030328
0.000249612
0.000215829
0.00021184
0.000235203
0.00027217
0.000303458
0.00031255
0.000293207
0.000252989
0.000211131
0.000191348
0.000212253
0.00027915
0.000380536
0.00049085
0.000578612
0.000616991
0.00059294
0.000511604
0.000394526
0.00027246
0.000175488
0.000123928
0.000122996
0.00016271
0.000222576
0.000279113
0.000313479
0.00031674
0.000291365
0.00024886
0.000204781
0.000173028
0.000161418
0.000169921
0.000191913
0.000217715
0.000238929
0.000251797
0.000258295
0.000264533
0.000277196
0.000299559
0.000328885
0.00035651
0.000370838
0.000362233
0.000327874
0.000274496
0.000217594
0.000177033
0.000170386
0.000206367
0.000280801
0.000376792
0.000469256
0.000532432
0.000547865
0.000510167
0.000428598
0.000323984
0.000222055
0.000145519
0.000107531
0.000108684
0.000138332
0.000179557
0.000215827
0.000236871
0.000241697
0.00023776
0.000236799
0.000249051
0.00027823
0.000319281
0.000359922
0.000385444
0.000384951
0.000356548
0.000309279
0.000260764
0.000231159
0.000235514
0.000277438
0.000346631
0.000421555
