0.00456117
0.0045621
0.00456347
0.00456524
0.00456738
0.00456981
0.00457249
0.00457534
0.00457829
0.00458128
0.00458421
0.00458703
0.00458965
0.00459202
0.00459406
0.00459574
0.00459701
0.00459783
0.00459819
0.00459807
0.00459749
0.00459645
0.00459498
0.00459311
0.00459091
0.00458841
0.00458568
0.0045828
0.00457983
0.00457685
0.00457394
0.00457116
0.0045686
0.0045663
0.00456434
0.00456275
0.00456159
0.00456088
0.00456063
0.00456086
0.00456156
0.00456271
0.00456428
0.00456623
0.00456851
0.00457107
0.00457384
0.00457675
0.00457973
0.0045827
0.00458558
0.00458832
0.00459082
0.00459304
0.00459492
0.0045964
0.00459746
0.00459806
0.00459819
0.00459785
0.00459704
0.00459579
0.00459413
0.00459209
0.00458974
0.00458712
0.00458431
0.00458138
0.0045784
0.00457544
0.00457258
0.0045699
0.00456745
0.00456531
0.00456353
0.00456214
0.00456119
0.0045607
0.00456069
0.00456114
0.00456206
0.00456341
0.00456517
0.00456729
0.00456971
0.00457238
0.00457523
0.00457818
0.00458116
0.0045841
0.00458692
0.00458955
0.00459193
0.00459399
0.00459568
0.00459697
0.00459781
0.00459818
0.00459809
0.00459752
0.0045965
0.00459504
0.00459319
0.004591
0.00458851
0.00458579
0.00458291
0.00457995
0.00457697
0.00457405
0.00457127
0.00456869
0.00456638
0.00456441
0.00456281
0.00456163
0.0045609
0.00456064
0.00456085
0.00456152
0.00456266
0.00456421
0.00456615
0.00456842
0.00457097
0.00457373
0.00457664
0.00457961
0.00458258
0.00458548
0.00458821
0.00459073
0.00459296
0.00459485
0.00459635
0.00459743
0.00459805
0.0045982
0.00459787
0.00459708
0.00459585
0.0045942
0.00459218
0.00458983
0.00458723
0.00458442
0.00458149
0.00457851
0.00457555
0.00457269
0.00457
0.00456754
0.00456539
0.00456359
0.00456219
0.00456122
0.00456071
0.00456068
0.00456111
0.00456201
0.00456335
0.00456509
0.0045672
0.00456961
0.00457227
0.00457511
0.00457806
0.00458105
0.00458399
0.00458682
0.00458946
0.00459184
0.00459392
0.00459563
0.00459693
0.00459778
0.00459818
0.0045981
0.00459755
0.00459654
0.00459511
0.00459327
0.00459109
0.00458861
0.0045859
0.00458303
0.00458006
0.00457708
0.00457416
0.00457137
0.00456878
0.00456647
0.00456448
0.00456286
0.00456167
0.00456092
0.00456064
0.00456083
0.00456149
0.0045626
0.00456414
0.00456606
0.00456832
0.00457086
0.00457362
0.00457652
0.0045795
0.00458247
0.00458537
0.00458811
0.00459064
0.00459288
0.00459479
0.0045963
0.00459739
0.00459803
0.0045982
0.00459789
0.00459712
0.0045959
0.00459427
0.00459226
0.00458993
0.00458733
0.00458453
0.00458161
0.00457863
0.00457566
0.0045728
0.0045701
0.00456763
0.00456547
0.00456365
0.00456223
0.00456125
0.00456072
0.00456067
0.00456109
0.00456197
0.00456329
0.00456502
0.00456711
0.00456951
0.00457217
0.004575
0.00457795
0.00458093
0.00458388
0.00458671
0.00458936
0.00459176
0.00459384
0.00459557
0.00459688
0.00459776
0.00459817
0.00459811
0.00459758
0.00459659
0.00459517
0.00459335
0.00459118
0.00458871
0.00458601
0.00458314
0.00458018
0.0045772
0.00457427
0.00457148
0.00456888
0.00456655
0.00456455
0.00456292
0.0045617
0.00456094
0.00456064
0.00456081
0.00456146
0.00456255
0.00456407
0.00456598
0.00456823
0.00457076
0.00457351
0.00457641
0.00457938
0.00458236
0.00458526
0.00458801
0.00459055
0.0045928
0.00459472
0.00459625
0.00459736
0.00459802
0.0045982
0.00459792
0.00459716
0.00459596
0.00459434
0.00459235
0.00459002
0.00458744
0.00458464
0.00458172
0.00457874
0.00457578
0.00457291
0.0045702
0.00456772
0.00456554
0.00456371
0.00456228
0.00456128
0.00456074
0.00456066
0.00456106
0.00456193
0.00456323
0.00456495
0.00456702
0.00456942
0.00457206
0.00457489
0.00457783
0.00458082
0.00458376
0.0045866
0.00458926
0.00459167
0.00459377
0.00459551
0.00459684
0.00459773
0.00459817
0.00459812
0.00459761
0.00459664
0.00459523
0.00459343
0.00459127
0.00458881
0.00458612
0.00458325
0.00458029
0.00457731
0.00457438
0.00457158
0.00456898
0.00456664
0.00456462
0.00456297
0.00456174
0.00456096
0.00456064
0.0045608
0.00456142
0.0045625
0.00456401
0.0045659
0.00456814
0.00457066
0.0045734
0.00457629
0.00457927
0.00458224
0.00458515
0.00458791
0.00459045
0.00459272
0.00459465
0.0045962
0.00459733
0.004598
0.0045982
0.00459794
0.0045972
0.00459601
0.00459441
0.00459243
0.00459012
0.00458754
0.00458476
0.00458184
0.00457886
0.00457589
0.00457301
0.0045703
0.00456781
0.00456562
0.00456378
0.00456233
0.00456131
0.00456075
0.00456066
0.00456104
0.00456189
0.00456317
0.00456487
0.00456694
0.00456932
