4.81301e-05
4.81352e-05
4.80864e-05
4.79849e-05
4.78333e-05
4.76354e-05
4.73961e-05
4.71216e-05
4.68187e-05
4.64951e-05
4.6159e-05
4.58188e-05
4.54831e-05
4.51603e-05
4.48587e-05
4.45858e-05
4.43485e-05
4.41528e-05
4.40037e-05
4.39048e-05
4.38587e-05
4.38666e-05
4.39282e-05
4.4042e-05
4.42052e-05
4.44135e-05
4.46618e-05
4.49438e-05
4.52524e-05
4.55798e-05
4.59177e-05
4.62576e-05
4.6591e-05
4.69094e-05
4.72048e-05
4.74697e-05
4.76975e-05
4.78824e-05
4.80198e-05
4.81061e-05
4.81393e-05
4.81184e-05
4.80441e-05
4.79181e-05
4.77437e-05
4.75252e-05
4.72682e-05
4.69791e-05
4.66653e-05
4.63346e-05
4.59954e-05
4.56563e-05
4.53258e-05
4.50122e-05
4.47235e-05
4.44669e-05
4.42489e-05
4.40751e-05
4.39497e-05
4.3876e-05
4.38558e-05
4.38896e-05
4.39766e-05
4.41145e-05
4.43e-05
4.45283e-05
4.47936e-05
4.50893e-05
4.54079e-05
4.57414e-05
4.60814e-05
4.64192e-05
4.67464e-05
4.70547e-05
4.73363e-05
4.75842e-05
4.7792e-05
4.79546e-05
4.80678e-05
4.81288e-05
4.8136e-05
4.80893e-05
4.79898e-05
4.78401e-05
4.76438e-05
4.74061e-05
4.71328e-05
4.68309e-05
4.65079e-05
4.61721e-05
4.58319e-05
4.54959e-05
4.51725e-05
4.48699e-05
4.45957e-05
4.4357e-05
4.41596e-05
4.40085e-05
4.39077e-05
4.38595e-05
4.38653e-05
4.39249e-05
4.40367e-05
4.4198e-05
4.44047e-05
4.46516e-05
4.49324e-05
4.52401e-05
4.55669e-05
4.59045e-05
4.62445e-05
4.65783e-05
4.68974e-05
4.71939e-05
4.74601e-05
4.76894e-05
4.78761e-05
4.80154e-05
4.81038e-05
4.8139e-05
4.81203e-05
4.80479e-05
4.79239e-05
4.77513e-05
4.75344e-05
4.72788e-05
4.69908e-05
4.66778e-05
4.63476e-05
4.60086e-05
4.56693e-05
4.53383e-05
4.50239e-05
4.47341e-05
4.44762e-05
4.42566e-05
4.40809e-05
4.39536e-05
4.38778e-05
4.38555e-05
4.38873e-05
4.39722e-05
4.41083e-05
4.4292e-05
4.45187e-05
4.47827e-05
4.50774e-05
4.53953e-05
4.57284e-05
4.60682e-05
4.64063e-05
4.6734e-05
4.70432e-05
4.7326e-05
4.75753e-05
4.77848e-05
4.79492e-05
4.80644e-05
4.81274e-05
4.81367e-05
4.80921e-05
4.79946e-05
4.78467e-05
4.76522e-05
4.7416e-05
4.7144e-05
4.6843e-05
4.65207e-05
4.61852e-05
4.5845e-05
4.55087e-05
4.51846e-05
4.48811e-05
4.46057e-05
4.43655e-05
4.41664e-05
4.40135e-05
4.39106e-05
4.38604e-05
4.38641e-05
4.39216e-05
4.40314e-05
4.41909e-05
4.43959e-05
4.46414e-05
4.4921e-05
4.52278e-05
4.5554e-05
4.58914e-05
4.62315e-05
4.65656e-05
4.68855e-05
4.71829e-05
4.74504e-05
4.76813e-05
4.78698e-05
4.80109e-05
4.81013e-05
4.81387e-05
4.8122e-05
4.80517e-05
4.79296e-05
4.77588e-05
4.75435e-05
4.72893e-05
4.70025e-05
4.66903e-05
4.63606e-05
4.60218e-05
4.56823e-05
4.53509e-05
4.50357e-05
4.47448e-05
4.44855e-05
4.42643e-05
4.40868e-05
4.39576e-05
4.38798e-05
4.38554e-05
4.3885e-05
4.3968e-05
4.41021e-05
4.42841e-05
4.45092e-05
4.47719e-05
4.50655e-05
4.53827e-05
4.57153e-05
4.6055e-05
4.63933e-05
4.67217e-05
4.70317e-05
4.73157e-05
4.75664e-05
4.77775e-05
4.79438e-05
4.80609e-05
4.8126e-05
4.81374e-05
4.80948e-05
4.79993e-05
4.78534e-05
4.76606e-05
4.74258e-05
4.71551e-05
4.68551e-05
4.65335e-05
4.61984e-05
4.58582e-05
4.55215e-05
4.51968e-05
4.48924e-05
4.46158e-05
4.4374e-05
4.41732e-05
4.40185e-05
4.39136e-05
4.38613e-05
4.38629e-05
4.39184e-05
4.40262e-05
4.41839e-05
4.43872e-05
4.46312e-05
4.49096e-05
4.52155e-05
4.55411e-05
4.58782e-05
4.62184e-05
4.65529e-05
4.68735e-05
4.71719e-05
4.74407e-05
4.76732e-05
4.78633e-05
4.80064e-05
4.80988e-05
4.81382e-05
4.81236e-05
4.80554e-05
4.79353e-05
4.77663e-05
4.75526e-05
4.72998e-05
4.70141e-05
4.67027e-05
4.63736e-05
4.6035e-05
4.56954e-05
4.53634e-05
4.50475e-05
4.47555e-05
4.44948e-05
4.42721e-05
4.40928e-05
4.39616e-05
4.38818e-05
4.38553e-05
4.38829e-05
4.39638e-05
4.4096e-05
4.42762e-05
4.44998e-05
4.47611e-05
4.50537e-05
4.53701e-05
4.57022e-05
4.60419e-05
4.63804e-05
4.67093e-05
4.70202e-05
4.73053e-05
4.75574e-05
4.77702e-05
4.79382e-05
4.80573e-05
4.81245e-05
4.8138e-05
4.80975e-05
4.8004e-05
4.78599e-05
4.76688e-05
4.74356e-05
4.71661e-05
4.68671e-05
4.65462e-05
4.62115e-05
4.58713e-05
4.55344e-05
4.52091e-05
4.49037e-05
4.46259e-05
4.43826e-05
4.41802e-05
4.40235e-05
4.39167e-05
4.38623e-05
4.38619e-05
4.39152e-05
4.40211e-05
4.41769e-05
4.43786e-05
4.46211e-05
4.48983e-05
4.52033e-05
4.55283e-05
4.58651e-05
4.62053e-05
4.65402e-05
4.68614e-05
4.71609e-05
4.7431e-05
4.76649e-05
4.78568e-05
4.80018e-05
4.80962e-05
4.81377e-05
4.81252e-05
4.8059e-05
4.79408e-05
4.77737e-05
4.75617e-05
4.73102e-05
4.70256e-05
4.67151e-05
4.63865e-05
4.60481e-05
4.57084e-05
4.5376e-05
4.50593e-05
4.47662e-05
4.45042e-05
4.42799e-05
4.40989e-05
4.39658e-05
4.38839e-05
4.38554e-05
4.38808e-05
4.39597e-05
4.409e-05
4.42684e-05
4.44904e-05
4.47504e-05
4.50419e-05
4.53575e-05
4.56892e-05
4.60287e-05
4.63674e-05
4.66968e-05
4.70086e-05
4.72948e-05
4.75483e-05
4.77627e-05
4.79326e-05
4.80537e-05
4.81229e-05
4.81384e-05
4.81e-05
4.80086e-05
4.78664e-05
4.7677e-05
