1.18219e-09
4.6917e-09
1.04189e-08
1.81855e-08
2.77509e-08
3.88205e-08
5.10566e-08
6.40897e-08
7.75326e-08
9.09939e-08
1.04093e-07
1.16472e-07
1.27815e-07
1.37853e-07
1.46381e-07
1.53263e-07
1.58443e-07
1.61945e-07
1.63877e-07
1.64431e-07
1.63878e-07
1.6256e-07
1.60883e-07
1.59306e-07
1.58323e-07
1.58456e-07
1.60231e-07
1.64165e-07
1.7075e-07
1.80433e-07
1.93601e-07
2.1057e-07
2.31567e-07
2.56725e-07
2.86071e-07
3.19526e-07
3.56898e-07
3.9789e-07
4.421e-07
4.89033e-07
5.38111e-07
5.88688e-07
6.40067e-07
6.91517e-07
7.42295e-07
7.91669e-07
8.38935e-07
8.83444e-07
9.24617e-07
9.61969e-07
9.9512e-07
1.02381e-06
1.04793e-06
1.06749e-06
1.08265e-06
1.09373e-06
1.10116e-06
1.10554e-06
1.10755e-06
1.108e-06
1.10778e-06
1.10784e-06
1.10914e-06
1.1127e-06
1.11949e-06
1.13044e-06
1.14641e-06
1.16818e-06
1.1964e-06
1.23156e-06
1.27403e-06
1.32398e-06
1.38141e-06
1.44614e-06
1.51779e-06
1.59583e-06
1.67954e-06
1.76804e-06
1.86034e-06
1.95532e-06
2.0518e-06
2.14854e-06
2.24426e-06
2.33772e-06
2.42771e-06
2.51311e-06
2.59292e-06
2.66626e-06
2.73243e-06
2.79091e-06
2.8414e-06
2.88382e-06
2.91829e-06
2.94519e-06
2.9651e-06
2.97883e-06
2.98735e-06
2.99183e-06
2.99358e-06
2.99403e-06
2.99466e-06
2.99701e-06
3.00262e-06
3.01298e-06
3.02951e-06
3.05352e-06
3.08613e-06
3.1283e-06
3.18078e-06
3.24407e-06
3.31841e-06
3.40378e-06
3.49989e-06
3.60617e-06
3.72181e-06
3.84576e-06
3.97673e-06
4.11327e-06
4.25375e-06
4.39645e-06
4.53957e-06
4.68128e-06
4.81979e-06
4.95336e-06
5.08037e-06
5.19937e-06
5.30909e-06
5.40852e-06
5.49689e-06
5.57372e-06
5.63886e-06
5.69245e-06
5.73495e-06
5.76713e-06
5.79005e-06
5.80504e-06
5.81366e-06
5.81769e-06
5.81904e-06
5.81977e-06
5.82196e-06
5.82772e-06
5.83911e-06
5.85809e-06
5.88647e-06
5.92584e-06
5.97757e-06
6.04274e-06
6.1221e-06
6.21609e-06
6.32478e-06
6.44787e-06
6.58473e-06
6.73435e-06
6.89543e-06
7.06636e-06
7.24527e-06
7.43009e-06
7.61857e-06
7.80837e-06
7.9971e-06
8.18237e-06
8.36187e-06
8.53344e-06
8.6951e-06
8.8451e-06
8.982e-06
9.10469e-06
9.21242e-06
9.30483e-06
9.38196e-06
9.44425e-06
9.49255e-06
9.52808e-06
9.55242e-06
9.56747e-06
9.5754e-06
9.5786e-06
9.57962e-06
9.58111e-06
9.58577e-06
9.59623e-06
9.61504e-06
9.64458e-06
9.68699e-06
9.74412e-06
9.81749e-06
9.90823e-06
1.00171e-05
1.01442e-05
1.02896e-05
1.04526e-05
1.06321e-05
1.08266e-05
1.10344e-05
1.12531e-05
1.14804e-05
1.17134e-05
1.19495e-05
1.21855e-05
1.24185e-05
1.26457e-05
1.28641e-05
1.30714e-05
1.32652e-05
1.34434e-05
1.36047e-05
1.37478e-05
1.3872e-05
1.39772e-05
1.40637e-05
1.41323e-05
1.41843e-05
1.42214e-05
1.42458e-05
1.42599e-05
1.42665e-05
1.42687e-05
1.42697e-05
1.42726e-05
1.42808e-05
1.42974e-05
1.43254e-05
1.43676e-05
1.44263e-05
1.45036e-05
1.46012e-05
1.472e-05
1.48608e-05
1.50236e-05
1.52079e-05
1.54127e-05
1.56366e-05
1.58774e-05
1.61327e-05
1.63998e-05
1.66756e-05
1.69566e-05
1.72394e-05
1.75205e-05
1.77963e-05
1.80634e-05
1.83187e-05
1.85592e-05
1.87823e-05
1.89861e-05
1.91687e-05
1.93293e-05
1.94672e-05
1.95825e-05
1.96758e-05
1.97484e-05
1.98021e-05
1.98392e-05
1.98623e-05
1.98746e-05
1.98796e-05
1.98808e-05
1.98821e-05
1.98874e-05
1.99004e-05
1.99248e-05
1.99639e-05
2.00209e-05
2.00983e-05
2.01982e-05
2.03225e-05
2.0472e-05
2.06472e-05
2.08478e-05
2.10731e-05
2.13216e-05
2.15912e-05
2.18794e-05
2.21831e-05
2.24988e-05
2.28229e-05
2.31513e-05
2.348e-05
2.38047e-05
2.41215e-05
2.44264e-05
2.4716e-05
2.49871e-05
2.52368e-05
2.54631e-05
2.56642e-05
2.58393e-05
2.5988e-05
2.61107e-05
2.62084e-05
2.62829e-05
2.63365e-05
2.6372e-05
2.63928e-05
2.64027e-05
2.64058e-05
2.64063e-05
2.64087e-05
2.64174e-05
2.64367e-05
2.64706e-05
2.65228e-05
2.65968e-05
2.66952e-05
2.68203e-05
2.69737e-05
2.71563e-05
2.73682e-05
2.76089e-05
2.78771e-05
2.81708e-05
2.84875e-05
2.88239e-05
2.91764e-05
2.95408e-05
2.99128e-05
3.02878e-05
3.06609e-05
3.10276e-05
3.13834e-05
3.17239e-05
3.20452e-05
3.2344e-05
3.26174e-05
3.28631e-05
3.30797e-05
3.32664e-05
3.34231e-05
3.35506e-05
3.36504e-05
3.37247e-05
3.37765e-05
3.38093e-05
3.38269e-05
3.3834e-05
3.38352e-05
3.38354e-05
3.38398e-05
3.38531e-05
3.38801e-05
3.39254e-05
3.39929e-05
3.40862e-05
3.42081e-05
3.43609e-05
3.45459e-05
3.4764e-05
3.50148e-05
3.52975e-05
3.56103e-05
3.59506e-05
3.63153e-05
3.67006e-05
3.71021e-05
3.75149e-05
3.79342e-05
3.83545e-05
3.87707e-05
3.91774e-05
3.95699e-05
3.99434e-05
4.02937e-05
4.06173e-05
4.09113e-05
4.11735e-05
4.14025e-05
4.15979e-05
4.17598e-05
4.18896e-05
4.19893e-05
4.20616e-05
4.21101e-05
4.21389e-05
4.21528e-05
4.21568e-05
4.21563e-05
4.21569e-05
4.21642e-05
4.21835e-05
4.22202e-05
4.22788e-05
4.23638e-05
4.24788e-05
4.26266e-05
4.28094e-05
4.30285e-05
4.32843e-05
4.35761e-05
4.39026e-05
4.42615e-05
4.46497e-05
4.50632e-05
4.54977e-05
4.5948e-05
4.64088e-05
4.68743e-05
4.73386e-05
4.7796e-05
4.82407e-05
4.86674e-05
