0.00644077
0.00643921
0.00643648
0.00643269
0.006428
0.00642263
0.00641684
0.00641095
0.00640526
0.00640014
0.00639593
0.00639296
0.00639156
0.00639199
0.00639452
0.0063993
0.00640647
0.00641607
0.00642808
0.0064424
0.00645887
0.00647726
0.00649728
0.00651858
0.00654079
0.0065635
0.00658629
0.00660873
0.00663043
0.00665099
0.00667007
0.00668738
0.00670267
0.00671578
0.00672661
0.00673513
0.00674141
0.00674559
0.00674789
0.00674861
0.00674812
0.00674684
0.00674526
0.00674391
0.00674332
0.00674405
0.00674665
0.00675164
0.00675951
0.00677067
0.00678546
0.00680415
0.00682689
0.00685372
0.00688459
0.00691931
0.00695762
0.00699914
0.00704338
0.00708982
0.00713784
0.00718681
0.00723605
0.00728489
0.00733266
0.00737874
0.00742253
0.00746351
0.00750122
0.0075353
0.00756548
0.00759157
0.00761353
0.00763139
0.00764533
0.0076556
0.0076626
0.0076668
0.00766877
0.00766917
0.00766872
0.00766818
0.00766836
0.00767006
0.00767408
0.00768118
0.00769205
0.00770731
0.00772746
0.00775289
0.00778386
0.00782046
0.00786264
0.00791021
0.00796281
0.00801996
0.00808107
0.00814542
0.00821223
0.00828065
0.00834979
0.00841878
0.00848671
0.00855275
0.0086161
0.00867602
0.00873189
0.00878316
0.00882941
0.00887034
0.00890579
0.00893572
0.00896022
0.00897954
0.00899405
0.00900425
0.00901076
0.0090143
0.00901568
0.00901581
0.00901563
0.00901612
0.00901827
0.00902304
0.00903135
0.00904404
0.00906185
0.0090854
0.00911515
0.00915141
0.00919431
0.0092438
0.00929964
0.00936145
0.00942866
0.00950057
0.00957637
0.00965514
0.00973591
0.00981763
0.00989928
0.00997984
0.0100583
0.0101337
0.0102053
0.0102723
0.0103339
0.0103899
0.0104397
0.0104831
0.0105201
0.0105508
0.0105754
0.0105943
0.010608
0.0106172
0.0106227
0.0106254
0.0106262
0.0106262
0.0106265
0.0106282
0.0106324
0.01064
0.0106521
0.0106696
0.0106931
0.0107232
0.0107603
0.0108047
0.0108562
0.0109149
0.0109802
0.0110517
0.0111286
0.0112101
0.0112952
0.0113829
0.0114721
0.0115616
0.0116504
0.0117373
0.0118213
0.0119014
0.0119768
0.0120468
0.0121107
0.012168
0.0122185
0.0122621
0.0122987
0.0123285
0.0123519
0.0123694
0.0123817
0.0123896
0.0123939
0.0123957
0.012396
0.0123961
0.0123971
0.0124001
0.0124063
0.0124167
0.0124322
0.0124538
0.0124821
0.0125176
0.0125607
0.0126113
0.0126695
0.0127349
0.0128071
0.0128854
0.012969
0.013057
0.0131482
0.0132415
0.0133358
0.0134299
0.0135227
0.0136129
0.0136995
0.0137816
0.0138584
0.013929
0.013993
0.01405
0.0140997
0.014142
0.0141771
0.0142052
0.0142268
0.0142426
0.0142532
0.0142596
0.0142627
0.0142638
0.0142639
0.0142642
0.014266
0.0142704
0.0142786
0.0142917
0.0143105
0.0143359
0.0143684
0.0144085
0.0144565
0.0145123
0.0145758
0.0146466
0.0147241
0.0148075
0.0148959
0.0149884
0.0150837
0.0151807
0.0152782
0.0153749
0.0154697
0.0155613
0.0156489
0.0157314
0.015808
0.015878
0.0159409
0.0159964
0.0160444
0.0160848
0.0161178
0.0161438
0.0161633
0.0161771
0.016186
0.016191
0.0161931
0.0161935
0.0161935
0.0161942
0.016197
0.016203
0.0162133
0.0162289
0.0162508
0.0162797
0.0163161
0.0163604
0.0164127
0.016473
0.016541
0.0166161
0.0166978
0.0167852
0.0168773
0.0169731
0.0170712
0.0171706
0.01727
0.0173681
0.0174637
0.0175557
0.0176431
0.0177249
0.0178004
0.017869
0.0179301
0.0179836
0.0180293
0.0180673
0.0180979
0.0181215
0.0181389
0.0181507
0.0181579
0.0181615
0.0181628
0.0181628
0.0181628
0.0181641
0.018168
0.0181756
0.0181881
0.0182063
0.0182313
0.0182635
0.0183035
0.0183517
0.0184079
0.0184721
0.018544
0.0186229
0.0187081
0.0187987
0.0188936
0.0189918
0.019092
0.0191929
0.0192933
0.0193919
0.0194876
0.0195791
0.0196656
0.0197461
0.0198199
0.0198864
0.0199453
0.0199963
0.0200394
0.0200748
0.0201029
0.0201242
0.0201393
0.0201492
0.0201548
0.0201572
0.0201577
0.0201574
0.0201576
0.0201597
0.0201649
0.0201742
0.0201889
0.0202098
0.0202377
0.0202732
0.0203167
0.0203684
0.0204283
0.0204961
0.0205714
0.0206535
0.0207417
0.020835
0.0209322
0.0210322
0.0211338
0.0212356
0.0213363
0.0214349
0.0215299
0.0216205
0.0217055
0.0217842
0.0218559
0.02192
0.0219763
0.0220247
0.022065
0.0220977
0.0221232
0.022142
0.022155
0.022163
0.0221671
0.0221685
0.0221683
0.0221679
0.0221686
0.0221716
0.0221781
