0
1.1689e-11
1.03527e-10
4.09069e-10
1.12157e-09
2.48585e-09
4.78788e-09
8.34253e-09
1.34798e-08
2.05301e-08
2.98091e-08
4.16028e-08
5.61531e-08
7.36446e-08
9.41934e-08
1.17838e-07
1.44531e-07
1.74138e-07
2.06436e-07
2.41113e-07
2.7778e-07
3.15971e-07
3.55165e-07
3.94792e-07
4.34255e-07
4.72944e-07
5.10261e-07
5.45637e-07
5.7855e-07
6.08551e-07
6.35276e-07
6.58465e-07
6.77976e-07
6.93795e-07
7.06044e-07
7.1498e-07
7.21002e-07
7.24636e-07
7.26536e-07
7.27462e-07
7.28268e-07
7.29879e-07
7.33267e-07
7.39428e-07
7.49351e-07
7.63991e-07
7.84242e-07
8.10905e-07
8.44668e-07
8.86075e-07
9.35512e-07
9.93186e-07
1.05911e-06
1.13311e-06
1.21481e-06
1.30361e-06
1.39878e-06
1.49935e-06
1.60426e-06
1.71227e-06
1.82208e-06
1.93229e-06
2.04149e-06
2.14827e-06
2.25126e-06
2.34918e-06
2.44086e-06
2.52528e-06
2.60163e-06
2.66928e-06
2.72785e-06
2.77722e-06
2.81751e-06
2.84914e-06
2.87275e-06
2.88926e-06
2.89981e-06
2.90577e-06
2.90868e-06
2.9102e-06
2.91212e-06
2.91628e-06
2.92454e-06
2.9387e-06
2.96051e-06
2.99155e-06
3.03324e-06
3.08679e-06
3.15314e-06
3.23295e-06
3.32656e-06
3.43401e-06
3.55498e-06
3.68884e-06
3.83461e-06
3.99104e-06
4.15658e-06
4.32943e-06
4.50762e-06
4.68899e-06
4.8713e-06
5.05225e-06
5.22957e-06
5.40104e-06
5.5646e-06
5.71836e-06
5.86065e-06
5.99013e-06
6.10574e-06
6.20682e-06
6.29307e-06
6.3646e-06
6.42191e-06
6.46591e-06
6.49788e-06
6.51947e-06
6.53263e-06
6.53959e-06
6.5428e-06
6.54488e-06
6.54853e-06
6.55649e-06
6.57146e-06
6.59603e-06
6.63259e-06
6.68332e-06
6.75007e-06
6.83434e-06
6.93724e-06
7.05943e-06
7.20114e-06
7.36209e-06
7.54155e-06
7.73834e-06
7.95082e-06
8.17698e-06
8.41441e-06
8.66045e-06
8.91218e-06
9.1665e-06
9.42026e-06
9.67027e-06
9.91344e-06
1.01468e-05
1.03677e-05
1.05736e-05
1.07625e-05
1.09329e-05
1.10835e-05
1.12138e-05
1.13235e-05
1.14133e-05
1.14839e-05
1.15371e-05
1.15746e-05
1.1599e-05
1.16131e-05
1.162e-05
1.16232e-05
1.16261e-05
1.16324e-05
1.16457e-05
1.16694e-05
1.1707e-05
1.17614e-05
1.18353e-05
1.19308e-05
1.20496e-05
1.2193e-05
1.23615e-05
1.25551e-05
1.27731e-05
1.30142e-05
1.32767e-05
1.35582e-05
1.38558e-05
1.41663e-05
1.4486e-05
1.48111e-05
1.51376e-05
1.54613e-05
1.57783e-05
1.60847e-05
1.63768e-05
1.66514e-05
1.69056e-05
1.71371e-05
1.7344e-05
1.75253e-05
1.76804e-05
1.78096e-05
1.79136e-05
1.79942e-05
1.80533e-05
1.80939e-05
1.81192e-05
1.81328e-05
1.8139e-05
1.81419e-05
1.81462e-05
1.81564e-05
1.81768e-05
1.82118e-05
1.82652e-05
1.83406e-05
1.84411e-05
1.85691e-05
1.87265e-05
1.89142e-05
1.91328e-05
1.93819e-05
1.96602e-05
1.9966e-05
2.02967e-05
2.06491e-05
2.10195e-05
2.14038e-05
2.17972e-05
2.21951e-05
2.25925e-05
2.29843e-05
2.33659e-05
2.37325e-05
2.408e-05
2.44045e-05
2.47028e-05
2.49724e-05
2.52116e-05
2.54191e-05
2.55948e-05
2.57393e-05
2.5854e-05
2.59411e-05
2.60034e-05
2.60447e-05
2.60691e-05
2.60812e-05
2.60861e-05
2.60892e-05
2.60958e-05
2.61113e-05
2.61409e-05
2.61896e-05
2.62618e-05
2.63617e-05
2.64925e-05
2.66568e-05
2.68564e-05
2.70924e-05
2.73648e-05
2.76727e-05
2.80144e-05
2.83875e-05
2.87885e-05
2.92134e-05
2.96576e-05
3.01159e-05
3.05828e-05
3.10525e-05
3.15191e-05
3.19768e-05
3.24201e-05
3.28436e-05
3.32427e-05
3.3613e-05
3.39512e-05
3.42546e-05
3.45214e-05
3.47508e-05
3.49429e-05
3.50988e-05
3.52205e-05
3.53109e-05
3.53738e-05
3.54137e-05
3.54358e-05
3.54456e-05
3.54492e-05
3.54529e-05
3.54629e-05
3.54855e-05
3.55266e-05
3.55918e-05
3.56861e-05
3.58139e-05
3.59786e-05
3.61831e-05
3.64288e-05
3.67167e-05
3.70463e-05
3.74163e-05
3.78242e-05
3.82669e-05
3.874e-05
3.92387e-05
3.97572e-05
4.02894e-05
4.0829e-05
4.1369e-05
4.19028e-05
4.24238e-05
4.29256e-05
4.34024e-05
4.3849e-05
4.4261e-05
4.46345e-05
4.49671e-05
4.52571e-05
4.5504e-05
4.57083e-05
4.58717e-05
4.5997e-05
4.60879e-05
4.6149e-05
4.61858e-05
4.62044e-05
4.62114e-05
4.62139e-05
4.62191e-05
4.6234e-05
4.62657e-05
4.63208e-05
4.64055e-05
4.65251e-05
4.66843e-05
4.68868e-05
4.71351e-05
4.74307e-05
4.7774e-05
4.81642e-05
4.85992e-05
4.90758e-05
4.95901e-05
5.01367e-05
5.07099e-05
5.13029e-05
5.19086e-05
5.25195e-05
5.31281e-05
5.37266e-05
5.43079e-05
5.48648e-05
5.5391e-05
5.5881e-05
5.633e-05
5.67343e-05
5.70915e-05
5.74001e-05
5.76601e-05
5.78725e-05
5.80398e-05
5.81655e-05
5.82541e-05
5.83113e-05
5.83435e-05
5.83578e-05
5.83619e-05
5.83638e-05
5.83715e-05
5.8393e-05
5.84361e-05
5.8508e-05
5.86153e-05
5.87637e-05
5.8958e-05
5.92019e-05
5.94978e-05
5.98469e-05
6.0249e-05
6.07028e-05
6.12055e-05
6.17531e-05
6.23405e-05
6.29617e-05
6.36097e-05
6.42769e-05
6.49551e-05
6.56359e-05
6.63108e-05
6.69713e-05
6.76094e-05
6.82176e-05
6.8789e-05
6.93179e-05
6.97994e-05
7.02298e-05
7.06069e-05
7.09297e-05
7.11985e-05
7.14151e-05
7.15828e-05
7.17057e-05
7.17897e-05
7.18411e-05
7.18675e-05
7.18771e-05
7.18784e-05
7.18804e-05
7.18921e-05
7.19223e-05
7.19793e-05
