0.00463971
0.00469514
0.00476139
0.00483763
0.00492296
0.00501645
0.00511716
0.00522412
0.00533637
0.00545296
0.00557299
0.00569558
0.00581991
0.00594521
0.00607079
0.00619598
0.00632022
0.00644298
0.00656381
0.0066823
0.00679811
0.00691092
0.00702045
0.00712646
0.0072287
0.00732696
0.00742101
0.0075106
0.0075955
0.00767542
0.00775008
0.00781913
0.00788223
0.00793899
0.00798899
0.0080318
0.00806696
0.00809401
0.00811248
0.00812191
0.00812188
0.00811198
0.00809186
0.0080612
0.00801979
0.00796747
0.00790419
0.00783
0.00774504
0.00764959
0.00754405
0.00742893
0.00730488
0.00717265
0.00703312
0.00688728
0.00673623
0.00658113
0.00642324
0.00626388
0.0061044
0.0059462
0.00579065
0.00563914
0.00549304
0.00535363
0.00522216
0.00509978
0.00498755
0.00488641
0.00479718
0.00472054
0.00465704
0.00460706
0.00457085
0.00454851
0.00453999
0.00454508
0.00456347
0.00459469
0.00463818
0.00469327
0.0047592
0.00483514
0.00492021
0.00501347
0.00511397
0.00522075
0.00533284
0.00544932
0.00556925
0.00569178
0.00581607
0.00594135
0.00606693
0.00619214
0.00631642
0.00643923
0.00656012
0.0066787
0.00679459
0.00690749
0.00701713
0.00712325
0.00722561
0.007324
0.00741818
0.00750792
0.00759296
0.00767304
0.00774786
0.0078171
0.00788038
0.00793734
0.00798756
0.00803059
0.008066
0.0080933
0.00811204
0.00812176
0.00812203
0.00811244
0.00809263
0.0080623
0.00802123
0.00796925
0.0079063
0.00783244
0.00774781
0.00765268
0.00754744
0.00743261
0.00730882
0.00717683
0.00703751
0.00689185
0.00674094
0.00658595
0.00642813
0.00626879
0.0061093
0.00595103
0.00579538
0.00564373
0.00549744
0.0053578
0.00522607
0.0051034
0.00499084
0.00488935
0.00479974
0.00472271
0.00465879
0.00460839
0.00457176
0.00454899
0.00454004
0.00454472
0.00456271
0.00459354
0.00463667
0.00469141
0.00475702
0.00483267
0.00491746
0.00501048
0.00511078
0.00521738
0.00532932
0.00544568
0.00556552
0.00568798
0.00581222
0.00593749
0.00606307
0.0061883
0.00631261
0.00643548
0.00655644
0.00667509
0.00679107
0.00690407
0.00701381
0.00712004
0.00722252
0.00732104
0.00741535
0.00750522
0.00759042
0.00767066
0.00774564
0.00781505
0.00787853
0.00793569
0.00798612
0.00802938
0.00806503
0.00809258
0.0081116
