8.64035e-07
8.43332e-07
8.20661e-07
7.96582e-07
7.71685e-07
7.46584e-07
7.21896e-07
6.98229e-07
6.76166e-07
6.56248e-07
6.38966e-07
6.24745e-07
6.13935e-07
6.06802e-07
6.03522e-07
6.04175e-07
6.08746e-07
6.17121e-07
6.29094e-07
6.44372e-07
6.62578e-07
6.83264e-07
7.05921e-07
7.29993e-07
7.54885e-07
7.79987e-07
8.0468e-07
8.28357e-07
8.50435e-07
8.70372e-07
8.87676e-07
9.01922e-07
9.12759e-07
9.19921e-07
9.23231e-07
9.22608e-07
9.18068e-07
9.09721e-07
8.97774e-07
8.8252e-07
8.64335e-07
8.43666e-07
8.21022e-07
7.9696e-07
7.72071e-07
7.46969e-07
7.2227e-07
6.98583e-07
6.7649e-07
6.56535e-07
6.39209e-07
6.24938e-07
6.14074e-07
6.06883e-07
6.03543e-07
6.04135e-07
6.08646e-07
6.16964e-07
6.28884e-07
6.44114e-07
6.62278e-07
6.8293e-07
7.05561e-07
7.29615e-07
7.54499e-07
7.79602e-07
8.04307e-07
8.28004e-07
8.50111e-07
8.70084e-07
8.87432e-07
9.01728e-07
9.12619e-07
9.19839e-07
9.2321e-07
9.22647e-07
9.18167e-07
9.09877e-07
8.97984e-07
8.82778e-07
8.64635e-07
8.44001e-07
8.21383e-07
7.97338e-07
7.72457e-07
7.47353e-07
7.22644e-07
6.98936e-07
6.76815e-07
6.56823e-07
6.39454e-07
6.25133e-07
6.14214e-07
6.06965e-07
6.03565e-07
6.04097e-07
6.08547e-07
6.16808e-07
6.28675e-07
6.43856e-07
6.61978e-07
6.82596e-07
7.052e-07
7.29237e-07
7.54113e-07
7.79218e-07
8.03933e-07
8.2765e-07
8.49786e-07
8.69796e-07
8.87187e-07
9.01533e-07
9.12479e-07
9.19757e-07
9.23187e-07
9.22686e-07
9.18265e-07
9.10033e-07
8.98193e-07
8.83035e-07
8.64934e-07
8.44334e-07
8.21743e-07
7.97715e-07
7.72843e-07
7.47738e-07
7.23018e-07
6.99291e-07
6.7714e-07
6.57112e-07
6.39699e-07
6.25328e-07
6.14355e-07
6.07048e-07
6.03587e-07
6.04058e-07
6.0845e-07
6.16653e-07
6.28467e-07
6.436e-07
6.6168e-07
6.82262e-07
7.0484e-07
7.28859e-07
7.53727e-07
7.78833e-07
8.03559e-07
8.27296e-07
8.4946e-07
8.69506e-07
8.86942e-07
9.01337e-07
9.12338e-07
9.19674e-07
9.23164e-07
9.22723e-07
9.18362e-07
9.10187e-07
8.98401e-07
8.83292e-07
8.65233e-07
8.44668e-07
8.22103e-07
7.98093e-07
7.73229e-07
7.48123e-07
7.23392e-07
6.99645e-07
6.77466e-07
6.57402e-07
6.39944e-07
6.25524e-07
6.14496e-07
6.07131e-07
6.03611e-07
6.04021e-07
6.08353e-07
6.16499e-07
6.28259e-07
6.43343e-07
6.61381e-07
6.81929e-07
7.04481e-07
7.28482e-07
7.53341e-07
7.78448e-07
8.03184e-07
8.26941e-07
8.49134e-07
8.69217e-07
8.86696e-07
9.01141e-07
9.12196e-07
9.1959e-07
9.2314e-07
9.2276e-07
9.18458e-07
9.10341e-07
8.98608e-07
