4.07736e-07
9.1501e-07
1.62109e-06
2.52215e-06
3.61336e-06
4.88897e-06
6.34224e-06
7.96551e-06
9.75018e-06
1.16868e-05
1.37649e-05
1.59733e-05
1.83e-05
2.07321e-05
2.32559e-05
2.58572e-05
2.85211e-05
3.1232e-05
3.39739e-05
3.67304e-05
3.94847e-05
4.22199e-05
4.49187e-05
4.7564e-05
5.01389e-05
5.26264e-05
5.50102e-05
5.72742e-05
5.94032e-05
6.13825e-05
6.31983e-05
6.48379e-05
6.62896e-05
6.75431e-05
6.85892e-05
6.94202e-05
7.003e-05
7.04138e-05
7.05686e-05
7.0493e-05
7.01873e-05
6.96533e-05
6.88947e-05
6.79166e-05
6.67258e-05
6.53305e-05
6.37405e-05
6.19669e-05
6.0022e-05
5.79193e-05
5.56733e-05
5.32994e-05
5.08137e-05
4.82331e-05
4.55749e-05
4.28566e-05
4.00961e-05
3.73114e-05
3.45201e-05
3.17401e-05
2.89887e-05
2.62827e-05
2.36386e-05
2.10721e-05
1.85984e-05
1.62317e-05
1.39854e-05
1.18722e-05
9.90364e-06
8.09033e-06
6.4419e-06
4.96694e-06
3.673e-06
2.56655e-06
1.65304e-06
9.36843e-07
4.21274e-07
1.08613e-07
9.67193e-11
9.59349e-08
3.95317e-07
8.96426e-07
1.59644e-06
2.49157e-06
3.57702e-06
4.84705e-06
6.29496e-06
7.91312e-06
9.69297e-06
1.1625e-05
1.3699e-05
1.59036e-05
1.82268e-05
2.06558e-05
2.3177e-05
2.57762e-05
2.84384e-05
3.11481e-05
3.38893e-05
3.66456e-05
3.94002e-05
4.21362e-05
4.48364e-05
4.74836e-05
5.00609e-05
5.25513e-05
5.49386e-05
5.72065e-05
5.93399e-05
6.1324e-05
6.3145e-05
6.47902e-05
6.62479e-05
6.75076e-05
6.85602e-05
6.93979e-05
7.00145e-05
7.04054e-05
7.05672e-05
7.04988e-05
7.02001e-05
6.96731e-05
6.89213e-05
6.79499e-05
6.67655e-05
6.53764e-05
6.37922e-05
6.20241e-05
6.00843e-05
5.79862e-05
5.57444e-05
5.33741e-05
5.08917e-05
4.83137e-05
4.56576e-05
4.29409e-05
4.01815e-05
3.73972e-05
3.46059e-05
3.18253e-05
2.90727e-05
2.63651e-05
2.37188e-05
2.11498e-05
1.8673e-05
1.63028e-05
1.40526e-05
1.19351e-05
9.96194e-06
8.1437e-06
6.49006e-06
5.00965e-06
3.71003e-06
2.59774e-06
1.67822e-06
9.55897e-07
4.34118e-07
1.15191e-07
3.86883e-10
8.99458e-08
3.83089e-07
8.78029e-07
1.57198e-06
2.46117e-06
3.54084e-06
4.80529e-06
6.24784e-06
7.86089e-06
9.6359e-06
1.15634e-05
1.36332e-05
1.58339e-05
1.81537e-05
2.05796e-05
2.30982e-05
2.56952e-05
2.83557e-05
3.10642e-05
3.38047e-05
3.65607e-05
3.93157e-05
4.20525e-05
4.4754e-05
4.74031e-05
4.99828e-05
5.24762e-05
5.48668e-05
5.71387e-05
5.92764e-05
6.12653e-05
6.30915e-05
6.47423e-05
6.62059e-05
6.74719e-05
6.8531e-05
6.93754e-05
6.99989e-05
7.03967e-05
7.05657e-05
