0.00931373
0.0152717
0.021701
0.028183
0.0345742
0.0407966
0.0467942
0.0525211
0.0579369
0.0630049
0.0676919
0.0719676
0.0758047
0.0791789
0.0820689
0.0844565
0.0863268
0.087668
0.0884717
0.0887329
0.0884501
0.0876249
0.0862625
0.0843714
0.0819635
0.0790539
0.0756609
0.0718058
0.0675132
0.0628104
0.0577279
0.0522989
0.0465602
0.0405524
0.0343217
0.0279244
0.0214393
0.0150133
0.00908528
0.00588505
0.00923164
0.0151746
0.0216012
0.0280838
0.034477
0.0407024
0.0467039
0.0524353
0.0578561
0.0629298
0.0676228
0.0719051
0.0757492
0.0791306
0.0820282
0.0844237
0.086302
0.0876514
0.0884634
0.088733
0.0884585
0.0876417
0.0862875
0.0844045
0.0820044
0.0791024
0.0757166
0.0718685
0.0675824
0.0628857
0.0578087
0.0523848
0.0466506
0.0406466
0.034419
0.0280237
0.0215391
0.0151103
0.00916679
0.00588399
0.00915002
0.0150777
0.0215014
0.0279845
0.0343798
0.0406083
0.0466135
0.0523494
0.0577753
0.0628545
0.0675537
0.0718425
0.0756935
0.0790822
0.0819874
0.0843907
0.0862771
0.0876347
0.088455
0.088733
0.0884669
0.0876583
0.0863123
0.0844374
0.0820452
0.0791507
0.0757723
0.0719311
0.0676515
0.0629609
0.0578895
0.0524707
0.046741
0.0407408
0.0345162
0.028123
0.0216389
0.0152074
0.00924879
0.00588496
0.0090689
0.0149808
0.0214016
0.0278852
0.0342826
0.040514
0.0465231
0.0522635
0.0576944
0.0627792
0.0674845
0.0717798
0.0756377
0.0790337
0.0819465
0.0843576
0.086252
0.0876178
0.0884465
0.0887329
0.0884751
0.0876748
0.0863371
0.0844702
0.0820858
0.079199
0.0758278
0.0719935
0.0677205
0.063036
0.0579703
0.0525565
0.0468313
0.0408349
0.0346134
0.0282222
0.0217388
0.0153045
0.00933126
0.00588798
0.00898829
0.0148841
0.0213018
0.0277859
0.0341853
0.0404197
0.0464326
0.0521774
0.0576134
0.0627038
0.0674151
0.0717169
0.0755818
0.0789851
0.0819054
0.0843244
0.0862269
0.0876009
0.0884379
0.0887326
0.0884832
0.0876912
0.0863617
0.0845028
0.0821263
0.0792471
0.0758832
0.0720559
0.0677894
0.063111
0.0580509
0.0526422
0.0469215
0.040929
0.0347105
0.0283215
0.0218387
0.0154018
0.0094142
