1.69271e-36
1.22251e-36
2.00804e-36
1.29775e-36
1.97483e-36
3.00927e-37
1.12847e-36
3.0845e-36
1.52344e-36
2.16761e-36
1.0074e-36
1.09086e-36
2.63311e-36
1.73033e-36
2.03125e-36
1.50463e-36
1.94192e-36
1.65987e-36
1.99834e-38
1.31655e-36
4.70198e-37
2.25695e-37
3.94966e-37
2.72715e-36
4.80777e-37
6.7973e-37
3.12946e-36
6.50048e-37
3.8039e-36
3.02807e-36
3.00927e-37
6.01853e-37
1.82437e-36
9.21588e-37
1.6739e-36
1.88079e-36
3.68635e-36
3.38542e-36
1.57986e-36
3.0845e-36
3.17854e-36
2.55435e-36
2.73332e-36
2.13e-36
1.82437e-36
1.4294e-36
1.88079e-36
6.01853e-37
2.87761e-36
9.55677e-37
3.65461e-36
2.57668e-36
2.18172e-36
3.0845e-36
1.95602e-36
3.329e-36
3.3337e-36
1.62578e-36
1.85258e-36
1.45291e-36
7.71124e-37
2.63311e-36
3.19734e-37
2.55788e-36
2.29927e-36
3.62346e-37
4.24118e-36
1.64099e-36
1.8996e-36
1.44821e-36
6.95893e-37
2.72715e-36
5.26621e-36
1.95602e-36
2.18642e-36
4.83363e-36
1.88079e-36
3.76158e-37
1.95602e-36
2.48264e-36
3.76158e-37
5.41785e-36
1.50933e-36
3.3337e-36
1.88079e-38
2.18172e-36
1.73033e-36
6.77085e-37
1.69271e-36
9.82713e-37
1.54225e-36
3.12681e-36
4.5139e-37
1.73033e-36
3.15973e-36
2.33218e-36
3.72867e-36
2.73809e-36
2.42651e-36
2.8588e-36
2.20053e-36
1.88079e-36
1.6551e-36
2.55788e-36
4.24353e-37
1.94309e-36
9.63905e-37
2.79885e-36
1.89137e-36
1.57986e-36
1.22251e-36
3.15973e-36
2.12529e-36
1.50933e-36
2.17261e-36
3.70516e-36
6.20661e-37
3.15973e-36
1.35417e-36
1.82437e-36
1.74914e-36
3.12799e-36
2.8685e-36
1.29775e-36
3.76158e-37
7.52316e-37
1.50463e-37
4.70198e-37
9.96819e-37
7.06472e-37
1.81144e-36
1.29775e-36
9.21588e-37
7.52316e-37
1.50463e-37
2.80238e-36
1.54225e-36
3.07101e-37
4.39664e-36
1.59867e-36
2.18172e-36
1.4294e-36
1.73033e-36
1.6551e-36
2.87761e-36
4.74929e-36
1.92311e-36
2.52026e-36
3.05746e-36
1.6739e-36
3.02807e-36
1.59867e-36
9.78011e-37
2.11119e-36
1.95602e-36
2.70834e-36
9.21588e-37
3.15973e-36
1.35417e-36
1.88079e-36
2.72715e-36
1.8996e-36
3.10918e-36
3.3337e-36
2.44503e-37
3.46066e-36
1.73033e-36
2.25695e-36
6.95893e-37
3.31607e-36
2.35099e-38
3.01397e-36
6.95893e-37
4.5139e-37
1.6551e-36
6.95893e-37
3.10331e-36
1.89064e-36
3.02925e-36
1.35887e-36
5.26621e-37
1.88079e-36
1.6739e-36
2.05006e-36
1.10967e-36
2.2831e-36
1.62718e-36
1.6598e-36
3.49122e-37
2.8635e-36
1.82437e-36
3.02807e-36
4.2882e-36
2.95284e-36
2.19612e-36
1.92311e-36
3.19734e-37
2.78357e-36
1.20371e-36
