0.00458911
0.00458934
0.00458968
0.00459013
0.00459066
0.00459126
0.00459193
0.00459264
0.00459338
0.00459413
0.00459487
0.00459558
0.00459624
0.00459684
0.00459736
0.00459779
0.00459813
0.00459835
0.00459846
0.00459845
0.00459832
0.00459808
0.00459773
0.00459729
0.00459675
0.00459614
0.00459547
0.00459475
0.00459402
0.00459327
0.00459253
0.00459183
0.00459117
0.00459057
0.00459005
0.00458962
0.0045893
0.00458908
0.00458898
0.004589
0.00458913
0.00458938
0.00458973
0.00459018
0.00459072
0.00459134
0.00459201
0.00459273
0.00459347
0.00459422
0.00459495
0.00459566
0.00459631
0.0045969
0.00459742
0.00459784
0.00459816
0.00459837
0.00459846
0.00459844
0.0045983
0.00459805
0.00459769
0.00459723
0.00459668
0.00459606
0.00459539
0.00459467
0.00459393
0.00459318
0.00459245
0.00459175
0.00459109
0.0045905
0.00459
0.00458958
0.00458927
0.00458906
0.00458898
0.00458901
0.00458915
0.00458941
0.00458978
0.00459024
0.00459079
0.00459142
0.0045921
0.00459282
0.00459356
0.0045943
0.00459504
0.00459574
0.00459639
0.00459697
0.00459747
0.00459788
0.00459819
0.00459839
0.00459847
0.00459843
0.00459828
0.00459801
0.00459764
0.00459717
0.00459661
0.00459599
0.0045953
0.00459458
0.00459384
0.00459309
0.00459236
0.00459167
0.00459102
0.00459044
0.00458994
0.00458954
0.00458924
0.00458905
0.00458897
0.00458902
0.00458918
0.00458945
0.00458983
0.0045903
0.00459086
0.00459149
0.00459218
0.0045929
0.00459365
0.00459439
0.00459512
0.00459582
0.00459646
0.00459703
0.00459753
0.00459792
0.00459822
0.0045984
0.00459847
0.00459842
0.00459825
0.00459797
0.00459759
0.00459711
0.00459654
0.00459591
0.00459522
0.0045945
0.00459375
0.00459301
0.00459228
0.00459159
0.00459095
0.00459038
0.00458989
0.0045895
0.00458921
0.00458903
0.00458897
0.00458903
0.0045892
0.00458949
0.00458988
0.00459037
0.00459093
0.00459157
0.00459226
0.00459299
0.00459373
0.00459448
0.00459521
0.00459589
0.00459653
0.0045971
0.00459758
0.00459796
0.00459825
0.00459841
0.00459847
0.0045984
0.00459822
0.00459793
0.00459754
0.00459704
0.00459647
0.00459583
0.00459514
0.00459441
0.00459366
0.00459292
0.00459219
0.00459151
0.00459088
0.00459032
0.00458984
0.00458946
0.00458918
0.00458902
0.00458897
0.00458905
0.00458923
0.00458953
0.00458993
0.00459043
0.00459101
0.00459165
0.00459235
0.00459308
0.00459382
0.00459457
0.00459529
0.00459597
0.0045966
0.00459716
0.00459763
0.004598
0.00459827
0.00459843
0.00459847
0.00459839
0.00459819
0.00459789
0.00459748
0.00459698
0.0045964
0.00459575
0.00459505
0.00459432
0.00459357
0.00459283
0.00459211
0.00459143
0.00459081
0.00459025
0.00458979
0.00458942
0.00458916
0.00458901
0.00458898
0.00458906
0.00458926
0.00458957
0.00458999
0.00459049
0.00459108
0.00459173
0.00459243
0.00459316
0.00459391
0.00459465
0.00459537
0.00459605
0.00459667
0.00459722
0.00459768
0.00459804
0.0045983
0.00459844
0.00459846
0.00459837
0.00459816
0.00459785
0.00459743
0.00459692
0.00459633
0.00459567
0.00459497
0.00459423
0.00459349
0.00459275
0.00459203
0.00459135
0.00459074
0.00459019
0.00458974
0.00458938
0.00458913
0.004589
0.00458898
0.00458908
0.00458929
0.00458962
0.00459004
0.00459056
0.00459115
0.00459181
0.00459252
0.00459325
0.004594
0.00459474
0.00459545
0.00459613
0.00459674
0.00459728
0.00459773
0.00459808
0.00459832
0.00459845
0.00459846
0.00459835
0.00459813
0.0045978
0.00459737
0.00459685
0.00459625
0.00459559
0.00459488
0.00459415
0.0045934
0.00459266
0.00459195
0.00459128
0.00459067
0.00459014
0.00458969
0.00458935
0.00458911
0.00458899
0.00458899
0.0045891
0.00458933
0.00458966
0.0045901
0.00459062
0.00459123
0.00459189
0.0045926
0.00459334
0.00459409
0.00459482
0.00459554
0.0045962
0.00459681
0.00459733
0.00459777
0.00459811
0.00459834
0.00459845
0.00459845
0.00459833
0.0045981
0.00459776
0.00459731
0.00459678
0.00459618
0.00459551
0.0045948
0.00459406
0.00459331
0.00459257
0.00459187
0.0045912
0.0045906
0.00459008
0.00458965
0.00458931
0.00458909
0.00458898
0.00458899
0.00458912
0.00458936
0.00458971
0.00459016
0.00459069
0.0045913
0.00459197
0.00459269
0.00459343
0.00459417
0.00459491
0.00459562
0.00459628
0.00459687
0.00459739
0.00459782
0.00459814
0.00459836
0.00459846
0.00459844
0.00459831
0.00459806
0.00459771
0.00459726
0.00459672
0.0045961
0.00459543
0.00459471
0.00459397
0.00459322
0.00459249
0.00459178
0.00459113
0.00459054
0.00459002
0.0045896
0.00458928
0.00458907
0.00458898
0.004589
0.00458914
0.0045894
