1.20382e-05
1.20373e-05
1.20305e-05
1.20181e-05
1.20004e-05
1.19777e-05
1.19507e-05
1.19201e-05
1.18865e-05
1.18508e-05
1.18139e-05
1.17768e-05
1.17403e-05
1.17053e-05
1.16727e-05
1.16433e-05
1.16179e-05
1.1597e-05
1.15813e-05
1.1571e-05
1.15664e-05
1.15677e-05
1.15748e-05
1.15875e-05
1.16055e-05
1.16285e-05
1.16557e-05
1.16865e-05
1.17203e-05
1.1756e-05
1.1793e-05
1.18301e-05
1.18666e-05
1.19014e-05
1.19338e-05
1.1963e-05
1.19882e-05
1.20087e-05
1.20242e-05
1.20342e-05
1.20384e-05
1.20368e-05
1.20294e-05
1.20163e-05
1.1998e-05
1.19748e-05
1.19473e-05
1.19162e-05
1.18824e-05
1.18465e-05
1.18096e-05
1.17724e-05
1.1736e-05
1.17013e-05
1.1669e-05
1.16401e-05
1.16152e-05
1.15949e-05
1.15797e-05
1.15701e-05
1.15662e-05
1.15682e-05
1.1576e-05
1.15893e-05
1.1608e-05
1.16314e-05
1.16591e-05
1.16904e-05
1.17244e-05
1.17604e-05
1.17973e-05
1.18345e-05
1.18708e-05
1.19054e-05
1.19375e-05
1.19662e-05
1.19908e-05
1.20108e-05
1.20257e-05
1.2035e-05
1.20385e-05
1.20362e-05
1.20281e-05
1.20144e-05
1.19955e-05
1.19717e-05
1.19438e-05
1.19124e-05
1.18782e-05
1.18422e-05
1.18052e-05
1.17681e-05
1.17318e-05
1.16973e-05
1.16655e-05
1.16369e-05
1.16125e-05
1.15928e-05
1.15783e-05
1.15694e-05
1.15662e-05
1.15688e-05
1.15773e-05
1.15913e-05
1.16105e-05
1.16345e-05
1.16627e-05
1.16943e-05
1.17286e-05
1.17647e-05
1.18017e-05
1.18388e-05
1.1875e-05
1.19093e-05
1.1941e-05
1.19693e-05
1.19935e-05
1.20129e-05
1.20271e-05
1.20357e-05
1.20385e-05
1.20355e-05
1.20268e-05
1.20124e-05
1.19929e-05
1.19686e-05
1.19403e-05
1.19085e-05
1.18741e-05
1.18379e-05
1.18008e-05
1.17637e-05
1.17277e-05
1.16934e-05
1.16619e-05
1.16338e-05
1.161e-05
1.15908e-05
1.1577e-05
1.15687e-05
1.15662e-05
1.15695e-05
1.15786e-05
1.15933e-05
1.16131e-05
1.16376e-05
1.16662e-05
1.16982e-05
1.17327e-05
1.1769e-05
1.18061e-05
1.18431e-05
1.18791e-05
1.19132e-05
1.19446e-05
1.19724e-05
1.1996e-05
1.20148e-05
1.20284e-05
1.20363e-05
1.20385e-05
1.20348e-05
1.20254e-05
1.20104e-05
1.19903e-05
1.19655e-05
1.19367e-05
1.19045e-05
1.18699e-05
1.18335e-05
1.17964e-05
1.17594e-05
1.17235e-05
1.16896e-05
1.16584e-05
1.16308e-05
1.16075e-05
1.15889e-05
1.15757e-05
1.15681e-05
1.15663e-05
1.15703e-05
1.15801e-05
1.15953e-05
1.16158e-05
1.16408e-05
1.16698e-05
1.17021e-05
1.17369e-05
1.17734e-05
1.18105e-05
1.18474e-05
1.18832e-05
1.19171e-05
1.1948e-05
1.19754e-05
1.19985e-05
1.20167e-05
1.20296e-05
1.20369e-05
1.20384e-05
1.2034e-05
1.20239e-05
1.20083e-05
1.19876e-05
1.19623e-05
1.19331e-05
1.19006e-05
1.18657e-05
1.18292e-05
1.1792e-05
1.17551e-05
1.17194e-05
1.16857e-05
1.16549e-05
1.16278e-05
1.1605e-05
1.15871e-05
1.15745e-05
1.15676e-05
1.15664e-05
1.15711e-05
1.15816e-05
1.15975e-05
1.16185e-05
1.1644e-05
1.16735e-05
1.17061e-05
1.17412e-05
1.17777e-05
1.18149e-05
1.18517e-05
1.18874e-05
1.19209e-05
1.19515e-05
1.19784e-05
1.20009e-05
1.20185e-05
1.20308e-05
1.20374e-05
1.20382e-05
1.20331e-05
1.20223e-05
1.20061e-05
1.19848e-05
1.19591e-05
1.19294e-05
1.18966e-05
1.18614e-05
1.18248e-05
1.17876e-05
1.17508e-05
1.17153e-05
1.16819e-05
1.16515e-05
1.16249e-05
1.16026e-05
1.15853e-05
1.15734e-05
1.15671e-05
1.15667e-05
1.15721e-05
1.15832e-05
1.15997e-05
1.16213e-05
1.16473e-05
1.16772e-05
1.17101e-05
1.17454e-05
1.17821e-05
1.18192e-05
1.1856e-05
1.18914e-05
1.19246e-05
1.19548e-05
1.19812e-05
1.20032e-05
1.20202e-05
1.20318e-05
1.20378e-05
1.20379e-05
1.20321e-05
1.20207e-05
1.20039e-05
1.1982e-05
1.19557e-05
1.19257e-05
1.18925e-05
1.18572e-05
1.18204e-05
1.17833e-05
1.17466e-05
1.17112e-05
1.16782e-05
1.16482e-05
1.1622e-05
1.16003e-05
1.15836e-05
1.15723e-05
1.15668e-05
1.1567e-05
1.15731e-05
1.15849e-05
1.1602e-05
1.16241e-05
1.16506e-05
1.16809e-05
1.17142e-05
1.17497e-05
1.17864e-05
1.18236e-05
1.18603e-05
1.18955e-05
1.19284e-05
1.19582e-05
1.19841e-05
1.20055e-05
1.20219e-05
1.20328e-05
1.20381e-05
1.20375e-05
1.20311e-05
1.2019e-05
1.20015e-05
1.19791e-05
1.19524e-05
1.19219e-05
1.18885e-05
1.18529e-05
1.18161e-05
1.17789e-05
1.17423e-05
1.17072e-05
1.16745e-05
1.16449e-05
1.16192e-05
1.15981e-05
1.1582e-05
1.15714e-05
1.15665e-05
1.15674e-05
1.15742e-05
1.15866e-05
1.16044e-05
1.1627e-05
1.1654e-05
1.16847e-05
1.17183e-05
1.1754e-05
1.17908e-05
1.1828e-05
1.18645e-05
1.18995e-05
1.19321e-05
1.19614e-05
1.19868e-05
1.20077e-05
1.20235e-05
1.20338e-05
1.20383e-05
1.2037e-05
1.20299e-05
1.20172e-05
1.19991e-05
1.19762e-05
1.1949e-05
1.19181e-05
1.18844e-05
1.18486e-05
1.18117e-05
1.17745e-05
1.17381e-05
1.17032e-05
1.16708e-05
1.16417e-05
1.16165e-05
1.15959e-05
1.15805e-05
1.15705e-05
1.15663e-05
1.15679e-05
1.15754e-05
1.15884e-05
1.16068e-05
1.163e-05
1.16575e-05
1.16885e-05
1.17224e-05
1.17583e-05
1.17952e-05
1.18323e-05
1.18687e-05
1.19035e-05
1.19357e-05
1.19646e-05
1.19896e-05
1.20098e-05
1.2025e-05
1.20346e-05
1.20385e-05
1.20365e-05
