7.92639e-11
3.14608e-10
6.98836e-10
1.22027e-09
1.86318e-09
2.60828e-09
3.43348e-09
4.31461e-09
5.22631e-09
6.14292e-09
7.03942e-09
7.89238e-09
8.68082e-09
9.38703e-09
9.99728e-09
1.05025e-08
1.08985e-08
1.11867e-08
1.13737e-08
1.14718e-08
1.14984e-08
1.14755e-08
1.14297e-08
1.13906e-08
1.13908e-08
1.14644e-08
1.16461e-08
1.19702e-08
1.24694e-08
1.31736e-08
1.4109e-08
1.52973e-08
1.67544e-08
1.84902e-08
2.05077e-08
2.2803e-08
2.53647e-08
2.81747e-08
3.12076e-08
3.4432e-08
3.78108e-08
4.13022e-08
4.48608e-08
4.84385e-08
5.19863e-08
5.54554e-08
5.87988e-08
6.19721e-08
6.49358e-08
6.76558e-08
7.01049e-08
7.22637e-08
7.41213e-08
7.56761e-08
7.69359e-08
7.7918e-08
7.8649e-08
7.91646e-08
7.95083e-08
7.97311e-08
7.98898e-08
8.00459e-08
8.02639e-08
8.06096e-08
8.11486e-08
8.19441e-08
8.30556e-08
8.45369e-08
8.64343e-08
8.87858e-08
9.16193e-08
9.49518e-08
9.87886e-08
1.03123e-07
1.07936e-07
1.13197e-07
1.18864e-07
1.24884e-07
1.31194e-07
1.37724e-07
1.44398e-07
1.51134e-07
1.5785e-07
1.64461e-07
1.70885e-07
1.77045e-07
1.82869e-07
1.88295e-07
1.93269e-07
1.9775e-07
2.01709e-07
2.05133e-07
2.08021e-07
2.10389e-07
2.12266e-07
2.13699e-07
2.14744e-07
2.15471e-07
2.15963e-07
2.16308e-07
2.16604e-07
2.1695e-07
2.17449e-07
2.18203e-07
2.19309e-07
2.20859e-07
2.22937e-07
2.25615e-07
2.28952e-07
2.32992e-07
2.37766e-07
2.43283e-07
2.49537e-07
2.56505e-07
2.64145e-07
2.72398e-07
2.8119e-07
2.90433e-07
3.00028e-07
3.09865e-07
3.19828e-07
3.29798e-07
3.39651e-07
3.49271e-07
3.58542e-07
3.67359e-07
3.75627e-07
3.83265e-07
3.90208e-07
3.96407e-07
4.01834e-07
4.06481e-07
4.10361e-07
4.13506e-07
4.15971e-07
4.17827e-07
4.19165e-07
4.20091e-07
4.20722e-07
4.21189e-07
4.21626e-07
4.22174e-07
4.22972e-07
4.24157e-07
4.25859e-07
4.28198e-07
4.31279e-07
4.35193e-07
4.4001e-07
4.45782e-07
4.52536e-07
4.60278e-07
4.68988e-07
4.78623e-07
4.89119e-07
5.00389e-07
5.12325e-07
5.24805e-07
5.37692e-07
5.50836e-07
5.64082e-07
5.7727e-07
5.90243e-07
6.02846e-07
6.14934e-07
6.26374e-07
6.37048e-07
6.46857e-07
6.55725e-07
6.63599e-07
6.70452e-07
6.76282e-07
6.81115e-07
6.85003e-07
6.88024e-07
6.90278e-07
6.9189e-07
6.92999e-07
6.93763e-07
6.9435e-07
6.94935e-07
6.95697e-07
6.96812e-07
6.98453e-07
7.00781e-07
7.03941e-07
7.08062e-07
7.13252e-07
7.19591e-07
7.27136e-07
7.35912e-07
7.45918e-07
7.5712e-07
7.69457e-07
7.82838e-07
7.97148e-07
8.12247e-07
8.27976e-07
8.44159e-07
8.60609e-07
8.7713e-07
8.93524e-07
9.09596e-07
9.25156e-07
9.4003e-07
9.54057e-07
9.67097e-07
9.79037e-07
9.89788e-07
9.99294e-07
1.00753e-06
1.0145e-06
1.02025e-06
1.02485e-06
1.02839e-06
1.03102e-06
1.03289e-06
1.03416e-06
1.03505e-06
1.03576e-06
1.0365e-06
1.03749e-06
1.03894e-06
1.04106e-06
1.04405e-06
1.04806e-06
1.05326e-06
1.05977e-06
1.06767e-06
1.07703e-06
1.08787e-06
1.10018e-06
1.11391e-06
1.12898e-06
1.14527e-06
1.16264e-06
1.18092e-06
1.19991e-06
1.2194e-06
1.23915e-06
1.25894e-06
1.27852e-06
1.29767e-06
1.31616e-06
1.33379e-06
1.35037e-06
1.36574e-06
1.37976e-06
1.39236e-06
1.40345e-06
1.41303e-06
1.4211e-06
1.42772e-06
1.43299e-06
1.43704e-06
1.44001e-06
1.44211e-06
1.44355e-06
1.44456e-06
1.44539e-06
1.44629e-06
1.44752e-06
1.44933e-06
1.45196e-06
1.45562e-06
1.46053e-06
1.46684e-06
1.4747e-06
1.48421e-06
1.49542e-06
1.50837e-06
1.52302e-06
1.53931e-06
1.55715e-06
1.57638e-06
1.59684e-06
1.61832e-06
1.64057e-06
1.66336e-06
1.68642e-06
1.70946e-06
1.73222e-06
1.75442e-06
1.77582e-06
1.79617e-06
1.81526e-06
1.83291e-06
1.84899e-06
1.86338e-06
1.87602e-06
1.88689e-06
1.89602e-06
1.90349e-06
1.9094e-06
1.91391e-06
1.91721e-06
1.91952e-06
1.92111e-06
1.92223e-06
1.92318e-06
1.92425e-06
1.92574e-06
1.92792e-06
1.93108e-06
1.93547e-06
1.9413e-06
1.94876e-06
1.95802e-06
1.96917e-06
1.98228e-06
1.99737e-06
2.0144e-06
2.03329e-06
2.05392e-06
2.07613e-06
2.09969e-06
2.12438e-06
2.14992e-06
2.17601e-06
2.20236e-06
2.22865e-06
2.25457e-06
2.2798e-06
2.30407e-06
2.32711e-06
2.34868e-06
2.36858e-06
2.38666e-06
2.4028e-06
2.41694e-06
2.42907e-06
2.43922e-06
2.44749e-06
2.454e-06
2.45895e-06
2.46255e-06
2.46507e-06
2.46679e-06
2.46802e-06
2.4691e-06
2.47034e-06
2.4721e-06
2.47468e-06
2.4784e-06
2.48353e-06
2.49032e-06
2.49898e-06
2.50967e-06
2.5225e-06
2.53755e-06
2.55482e-06
2.57427e-06
2.59579e-06
2.61925e-06
2.64445e-06
2.67114e-06
2.69906e-06
2.72788e-06
2.75728e-06
2.78692e-06
2.81645e-06
2.8455e-06
2.87374e-06
2.90086e-06
2.92655e-06
2.95055e-06
2.97266e-06
2.9927e-06
3.01055e-06
3.02615e-06
3.03949e-06
3.05063e-06
3.05966e-06
3.06675e-06
3.0721e-06
3.07598e-06
3.07868e-06
3.08053e-06
3.08186e-06
3.08307e-06
3.0845e-06
3.08654e-06
3.08955e-06
3.09385e-06
3.09976e-06
3.10754e-06
3.11743e-06
3.12959e-06
3.14415e-06
3.16118e-06
3.18067e-06
3.20257e-06
3.22677e-06
3.25308e-06
3.2813e-06
3.31114e-06
3.34229e-06
3.3744e-06
3.40712e-06
3.44004e-06
3.47278e-06
