0.00323593
0.00323573
0.00323537
0.00323489
0.00323429
0.00323362
0.00323289
0.00323216
0.00323146
0.00323084
0.00323035
0.00323002
0.0032299
0.00323003
0.00323043
0.00323113
0.00323214
0.00323348
0.00323514
0.00323712
0.00323938
0.00324191
0.00324467
0.0032476
0.00325068
0.00325384
0.00325702
0.00326018
0.00326325
0.00326619
0.00326894
0.00327147
0.00327373
0.00327571
0.00327738
0.00327875
0.00327981
0.00328059
0.0032811
0.0032814
0.00328153
0.00328154
0.0032815
0.00328148
0.00328156
0.0032818
0.00328229
0.00328309
0.00328428
0.0032859
0.00328803
0.00329069
0.00329391
0.00329771
0.00330209
0.00330703
0.00331251
0.00331848
0.00332489
0.00333166
0.00333872
0.00334598
0.00335335
0.00336074
0.00336804
0.00337516
0.00338202
0.00338851
0.00339458
0.00340016
0.00340518
0.00340963
0.00341348
0.00341672
0.00341937
0.00342145
0.00342303
0.00342415
0.0034249
0.00342537
0.00342567
0.0034259
0.00342617
0.00342662
0.00342736
0.00342851
0.00343017
0.00343245
0.00343544
0.00343919
0.00344377
0.00344922
0.00345553
0.00346271
0.00347072
0.00347951
0.00348901
0.00349912
0.00350975
0.00352076
0.00353203
0.00354343
0.00355481
0.00356603
0.00357695
0.00358745
0.0035974
0.00360671
0.00361527
0.00362303
0.00362993
0.00363594
0.00364107
0.00364531
0.00364873
0.00365137
0.00365334
0.00365472
0.00365565
0.00365626
0.0036567
0.00365712
0.0036577
0.00365859
0.00365994
0.00366191
0.00366464
0.00366824
0.00367281
0.00367843
0.00368516
0.00369301
0.00370199
0.00371205
0.00372315
0.00373519
0.00374806
0.00376164
0.00377576
0.00379028
0.00380501
0.00381978
0.00383441
0.00384872
0.00386255
0.00387575
0.00388816
0.00389968
0.0039102
0.00391965
0.00392799
0.0039352
0.00394128
0.00394627
0.00395025
0.00395329
0.00395553
0.00395709
0.00395814
0.00395885
0.00395941
0.00396002
0.00396086
0.00396213
0.00396403
0.00396672
0.00397036
0.00397508
0.00398099
0.00398818
0.00399669
0.00400653
0.00401768
0.0040301
0.00404369
0.00405835
0.00407393
0.00409027
0.00410717
0.00412445
0.0041419
0.00415931
0.00417647
0.00419318
0.00420924
0.00422449
0.00423878
0.00425196
0.00426395
0.00427466
0.00428406
0.00429213
0.0042989
0.00430442
0.00430877
0.00431209
0.0043145
0.00431617
0.0043173
0.00431808
0.00431874
0.0043195
0.00432057
0.00432218
0.00432454
0.00432784
0.00433224
0.00433789
0.00434491
0.00435338
0.00436332
0.00437477
0.00438767
0.00440195
0.00441753
0.00443424
0.00445194
0.00447042
0.00448948
0.0045089
0.00452843
0.00454785
0.00456693
0.00458545
0.00460319
0.00461998
0.00463565
0.00465006
0.00466311
0.00467473
0.00468488
0.00469356
0.00470079
0.00470666
0.00471127
0.00471475
0.00471726
0.00471899
0.00472017
0.004721
0.00472174
0.00472263
0.0047239
0.00472581
0.00472856
0.00473237
0.00473741
0.00474383
0.00475175
0.00476125
0.00477236
0.00478508
0.00479937
0.00481514
0.00483226
0.00485059
0.00486993
0.00489007
0.00491079
0.00493183
0.00495296
0.0049739
0.00499443
0.00501429
0.00503328
0.0050512
0.00506788
0.00508318
0.00509699
0.00510925
0.00511992
0.005129
0.00513655
0.00514264
0.00514739
0.00515096
0.00515352
0.00515528
0.00515647
0.00515734
0.00515815
0.00515915
0.0051606
0.00516276
0.00516585
0.00517009
0.00517567
0.00518273
0.0051914
0.00520174
0.0052138
0.00522755
0.00524294
0.00525988
0.00527823
0.00529781
0.00531844
0.00533987
0.00536186
0.00538416
0.00540649
0.00542859
0.0054502
0.00547107
0.00549098
0.00550973
0.00552714
0.00554307
0.00555742
0.00557011
0.00558113
0.00559048
0.00559821
0.00560443
0.00560925
0.00561285
0.00561542
0.00561719
0.00561839
0.00561928
0.00562014
0.00562125
0.00562286
0.00562523
0.00562862
0.00563324
0.00563927
0.00564688
0.00565617
0.00566721
0.00568004
0.00569462
0.00571091
0.00572879
0.00574812
0.00576871
0.00579034
0.00581278
0.00583576
0.00585902
0.00588228
0.00590525
0.00592768
0.0059493
0.0059699
0.00598925
0.00600718
0.00602356
0.00603827
0.00605125
0.00606249
0.006072
0.00607984
0.00608611
0.00609096
0.00609456
0.00609711
0.00609886
0.00610005
0.00610096
0.00610187
0.00610307
0.00610482
0.0061074
0.00611105
0.006116
0.00612243
0.00613049
0.00614031
0.00615194
0.00616542
0.0061807
0.00619772
0.00621637
0.00623649
0.00625788
0.00628032
0.00630355
0.00632732
0.00635133
0.0063753
0.00639894
0.00642198
0.00644417
0.00646526
0.00648505
0.00650335
0.00652003
0.00653499
0.00654816
0.00655953
0.00656911
0.00657699
0.00658327
0.00658811
0.00659167
0.00659419
0.00659591
0.00659709
0.00659802
0.00659897
