0
9.90788e-13
7.8539e-12
2.97287e-11
7.98348e-11
1.74926e-10
3.34594e-10
5.80444e-10
9.35174e-10
1.42159e-09
2.06156e-09
2.87507e-09
3.87915e-09
5.08709e-09
6.50756e-09
8.14405e-09
9.99436e-09
1.20503e-08
1.42977e-08
1.67165e-08
1.92809e-08
2.19604e-08
2.47201e-08
2.75219e-08
3.03254e-08
3.30893e-08
3.57729e-08
3.83367e-08
4.07445e-08
4.29647e-08
4.4971e-08
4.67439e-08
4.82717e-08
4.95511e-08
5.05878e-08
5.13967e-08
5.20023e-08
5.24376e-08
5.27445e-08
5.29725e-08
5.31774e-08
5.34205e-08
5.37667e-08
5.42831e-08
5.50369e-08
5.60936e-08
5.75152e-08
5.93583e-08
6.16722e-08
6.44973e-08
6.78638e-08
7.17901e-08
7.62823e-08
8.13334e-08
8.69228e-08
9.30168e-08
9.95689e-08
1.0652e-07
1.13802e-07
1.21334e-07
1.29031e-07
1.36801e-07
1.44549e-07
1.52179e-07
1.59597e-07
1.66714e-07
1.73447e-07
1.79722e-07
1.85478e-07
1.90665e-07
1.9525e-07
1.99216e-07
2.02563e-07
2.05309e-07
2.07488e-07
2.09155e-07
2.10379e-07
2.11243e-07
2.11845e-07
2.12293e-07
2.12704e-07
2.13201e-07
2.13908e-07
2.1495e-07
2.16447e-07
2.18513e-07
2.2125e-07
2.24749e-07
2.29085e-07
2.34314e-07
2.40472e-07
2.47575e-07
2.55617e-07
2.64568e-07
2.74378e-07
2.84974e-07
2.96264e-07
3.08139e-07
3.20472e-07
3.33125e-07
3.45952e-07
3.588e-07
3.71513e-07
3.83939e-07
3.95931e-07
4.07352e-07
4.18079e-07
4.28006e-07
4.37045e-07
4.45134e-07
4.52232e-07
4.58326e-07
4.6343e-07
4.67584e-07
4.70855e-07
4.73335e-07
4.75139e-07
4.76404e-07
4.77283e-07
4.77943e-07
4.78563e-07
4.79326e-07
4.80417e-07
4.82016e-07
4.84297e-07
4.8742e-07
4.91527e-07
4.96742e-07
5.03162e-07
5.10859e-07
5.19874e-07
5.30217e-07
5.41869e-07
5.54777e-07
5.68858e-07
5.83999e-07
6.00062e-07
6.16886e-07
6.34286e-07
6.52067e-07
6.70019e-07
6.8793e-07
7.05583e-07
7.22771e-07
7.39295e-07
7.54971e-07
7.69636e-07
7.83153e-07
7.95412e-07
8.06336e-07
8.1588e-07
8.24038e-07
8.30837e-07
8.36342e-07
8.40653e-07
8.43902e-07
8.46251e-07
8.4789e-07
8.49028e-07
8.49894e-07
8.50727e-07
8.5177e-07
8.53268e-07
8.55457e-07
8.58563e-07
8.62791e-07
8.68323e-07
8.75313e-07
8.8388e-07
8.9411e-07
9.06046e-07
9.19693e-07
9.35015e-07
9.51934e-07
9.70335e-07
9.90063e-07
1.01093e-06
1.03273e-06
1.05521e-06
1.07812e-06
1.1012e-06
1.12415e-06
1.14672e-06
1.16864e-06
1.18965e-06
1.20953e-06
1.22807e-06
1.24512e-06
1.26053e-06
1.27422e-06
1.28615e-06
1.29631e-06
1.30474e-06
1.31154e-06
1.31684e-06
1.32081e-06
1.32367e-06
1.32566e-06
1.32704e-06
1.32811e-06
1.32915e-06
1.33049e-06
1.33242e-06
1.33524e-06
1.33921e-06
1.34459e-06
1.3516e-06
1.36043e-06
1.3712e-06
1.38403e-06
1.39895e-06
1.41597e-06
1.43502e-06
1.456e-06
1.47877e-06
1.50313e-06
1.52883e-06
1.55563e-06
1.5832e-06
1.61125e-06
1.63943e-06
1.66742e-06
1.69487e-06
1.72148e-06
1.74693e-06
1.77096e-06
1.79333e-06
1.81385e-06
1.83235e-06
1.84874e-06
1.86298e-06
1.87507e-06
1.88507e-06
1.89311e-06
1.89935e-06
1.90401e-06
1.90734e-06
1.90965e-06
1.91126e-06
1.91252e-06
1.91379e-06
1.91544e-06
1.91783e-06
1.9213e-06
1.92618e-06
1.93277e-06
1.94132e-06
1.95204e-06
1.96509e-06
1.98058e-06
1.99855e-06
2.01899e-06
2.04182e-06
2.06693e-06
2.09411e-06
2.12313e-06
2.15371e-06
2.18552e-06
2.21821e-06
2.25139e-06
2.28467e-06
2.31767e-06
2.34998e-06
2.38124e-06
2.41109e-06
2.43922e-06
2.46535e-06
2.48926e-06
2.51079e-06
2.52982e-06
2.5463e-06
2.56026e-06
2.57177e-06
2.58099e-06
2.58812e-06
2.59342e-06
2.5972e-06
2.59981e-06
2.60163e-06
2.60308e-06
2.60459e-06
2.60656e-06
2.60943e-06
2.6136e-06
2.61943e-06
2.62727e-06
2.63741e-06
2.65009e-06
2.66547e-06
2.68369e-06
2.70477e-06
2.7287e-06
2.75538e-06
2.78465e-06
2.8163e-06
2.85003e-06
2.8855e-06
2.92235e-06
2.96015e-06
2.99846e-06
3.03684e-06
3.07482e-06
3.11196e-06
3.14783e-06
3.18203e-06
3.2142e-06
3.24404e-06
3.27129e-06
3.29577e-06
3.31737e-06
3.33603e-06
3.35179e-06
3.36476e-06
3.3751e-06
3.38307e-06
3.38897e-06
3.39316e-06
3.39604e-06
3.39807e-06
3.39971e-06
3.40145e-06
3.40377e-06
3.40715e-06
3.41205e-06
3.41888e-06
3.42803e-06
3.43982e-06
3.4545e-06
3.47229e-06
3.49329e-06
3.51755e-06
3.54503e-06
3.57561e-06
3.60911e-06
3.64525e-06
3.68372e-06
3.72412e-06
3.76602e-06
3.80895e-06
3.8524e-06
3.89585e-06
3.9388e-06
3.98073e-06
4.02117e-06
4.05967e-06
4.09583e-06
4.12931e-06
4.15984e-06
4.18721e-06
4.2113e-06
4.23208e-06
4.24958e-06
4.26393e-06
4.27535e-06
4.28411e-06
4.29057e-06
4.29513e-06
4.29827e-06
4.30049e-06
4.30232e-06
4.3043e-06
4.30699e-06
4.31091e-06
4.31657e-06
4.32445e-06
4.33495e-06
4.34844e-06
4.36521e-06
4.38545e-06
4.40931e-06
4.4368e-06
4.46789e-06
4.50243e-06
4.5402e-06
4.58089e-06
4.62414e-06
4.66949e-06
4.71646e-06
4.76452e-06
4.81309e-06
4.86161e-06
4.9095e-06
4.95619e-06
5.00116e-06
5.04391e-06
5.084e-06
5.12106e-06
5.1548e-06
5.18499e-06
5.21151e-06
5.23433e-06
5.25351e-06
5.26919e-06
5.28163e-06
5.29113e-06
5.29811e-06
5.30302e-06
5.3064e-06
5.30879e-06
5.31081e-06
5.31305e-06
