0.00458227
0.00458297
0.00458387
0.00458492
0.00458608
0.00458731
0.00458857
0.00458979
0.00459095
0.00459203
0.00459298
0.00459379
0.00459442
0.00459484
0.00459506
0.00459508
0.00459493
0.00459463
0.00459419
0.00459366
0.00459304
0.00459238
0.00459168
0.00459096
0.00459023
0.0045895
0.00458881
0.00458817
0.00458759
0.00458705
0.00458655
0.00458609
0.00458565
0.00458521
0.00458474
0.00458423
0.00458366
0.00458304
0.00458234
0.00458156
0.00458069
0.00457974
0.00457871
0.00457763
0.00457651
0.00457539
0.00457429
0.00457326
0.00457234
0.00457156
0.00457096
0.00457056
0.00457042
0.00457055
0.00457099
0.00457176
0.00457286
0.00457429
0.00457603
0.00457806
0.00458032
0.00458276
0.00458532
0.00458792
0.00459051
0.004593
0.0045953
0.00459733
0.00459901
0.00460025
0.00460097
0.00460112
0.00460063
0.00459948
0.00459765
0.00459515
0.00459199
0.00458822
0.00458389
0.00457909
0.00457391
0.00456847
0.00456289
0.00455731
0.00455188
0.00454676
0.00454209
0.00453802
0.00453467
0.00453216
0.00453059
0.00453004
0.0045306
0.00453229
0.00453512
0.00453905
0.00454402
0.00454991
0.00455662
