0
1.51278e-05
0.0001327
0.000492526
0.00120379
0.0022561
0.00349006
0.00465854
0.0055442
0.00605756
0.00625917
0.00630727
0.0063779
0.00660418
0.00705053
0.00771101
0.00851792
0.00935697
0.0100898
0.0105821
0.0107349
0.010519
0.0100092
0.00939992
0.00897221
0.00899861
0.00961656
0.0107378
0.0120552
0.013156
0.0136898
0.0135138
0.0127617
0.0118155
0.0111892
0.0113495
0.0125215
0.0145561
0.0169388
0.01897
0.0200538
0.0199631
0.0189468
0.0176286
0.016748
0.0168637
0.0181428
0.0203099
0.0227646
0.0248167
0.0259452
0.0259807
0.0251448
0.023943
0.0229678
0.0226934
0.0233268
0.0247501
0.0265622
0.0282179
0.0292334
0.0293879
0.0288285
0.0280121
0.0274956
0.0276785
0.0286263
0.0300618
0.0315162
0.0325555
0.0329724
0.0328647
0.032572
0.0325061
0.0329493
0.0339162
0.0351445
0.036223
0.0367917
0.0367159
0.0361542
0.0354963
0.0352061
0.0356346
0.0368683
0.0386689
0.0405329
0.0418672
0.0422265
0.041519
0.0400865
0.0386097
0.0378624
0.0384046
0.0403337
0.0431978
0.0461194
0.0481073
0.0484473
0.0470191
0.0443949
0.0416568
0.0399931
0.0402303
0.0424889
0.0461027
0.0498369
0.052335
0.0526381
0.0505857
0.0469344
0.043123
0.0407464
0.0409296
0.0438505
0.0486174
0.0535709
0.0569121
0.057417
0.054953
0.0505761
0.0461463
0.0436029
0.0441883
0.0479444
0.0536877
0.0594696
0.0633235
0.0640036
0.0614381
0.0567469
0.0518292
0.048674
0.0486319
0.0519058
0.0574515
0.063339
0.067459
0.0683216
0.0656455
0.0605013
0.0549377
0.0512117
0.0509154
0.0543409
0.0603475
0.0667951
0.0713756
0.0725097
0.0699553
0.0648935
0.0594704
0.055976
0.0559707
0.0596877
0.0659375
0.0725599
0.0772576
0.0784903
0.0760751
0.0712548
0.0662067
0.0631878
0.0636542
0.0676923
0.0739838
0.0803188
0.0844659
0.0850606
0.0821587
0.0772252
0.0725531
0.0703412
0.0718024
0.0766622
0.0832547
0.0891847
0.0922947
0.091551
0.0874802
0.0819706
0.0775111
0.0761838
0.0788258
0.0846996
0.0917907
0.0975997
0.100116
0.0986009
0.0938931
0.0881095
0.0838435
0.0831484
0.0866999
0.0934841
0.101162
0.106986
0.108905
0.106411
0.100772
0.0945463
0.0905624
0.0907764
0.0954721
0.103133
0.111045
0.116379
0.117323
0.113803
0.107521
0.101285
0.0979037
0.0990677
0.104648
0.112718
0.120305
0.124592
0.124076
0.119206
0.11221
0.106199
0.103904
0.106561
0.113403
0.121951
0.129001
0.13192
0.129742
0.123607
0.11634
0.111317
0.111071
0.116208
0.125099
0.134487
0.140792
0.141593
0.136677
0.128205
0.119891
0.115505
0.117307
0.125065
0.136081
0.146225
0.151573
0.149995
0.14207
0.130953
0.121221
0.117107
0.120794
0.131452
0.145429
0.157594
0.163317
0.160338
0.149763
0.135755
0.124008
0.119544
0.124698
0.138074
0.154968
0.169115
0.175135
0.170698
0.157544
0.140905
0.127537
0.123097
0.129885
0.145837
0.16521
0.180743
0.186484
0.180183
0.164274
0.145028
0.130156
0.12581
0.134135
0.152352
0.173749
0.190226
0.195442
0.187347
0.16908
0.147845
0.132152
0.128497
0.138776
0.159477
0.182962
0.200386
0.205113
0.195337
0.174867
0.151746
0.135193
0.132011
0.143885
0.166621
0.191681
0.20944
0.212925
0.200594
0.177056
0.151406
0.133762
0.131316
0.145442
0.17104
0.198421
0.217046
0.219642
0.2051
0.178984
0.151456
0.133393
0.132168
0.148737
0.177161
0.2068
0.226369
0.228315
0.211812
0.183185
0.153571
0.134671
0.134213
0.152873
0.183881
0.215521
0.235621
0.236302
0.217144
0.185451
0.153515
0.133877
0.13445
0.155389
0.188941
0.222355
0.242776
0.242239
0.220839
0.186797
0.153354
0.133665
0.135671
0.158962
0.19487
0.229767
0.25031
0.24861
0.225332
0.189507
0.155113
0.1357
0.139135
0.164502
0.202377
0.238398
0.258773
0.255627
0.230104
0.192027
0.156195
0.1367
0.141458
0.169072
0.209284
0.246868
0.26749
0.263253
0.235807
0.195784
0.158782
0.139384
0.145518
0.175309
0.217692
0.256587
0.277096
0.271306
0.241455
0.199167
0.161016
0.142108
0.150176
0.182497
0.22687
0.266306
0.285614
0.277336
0.244693
0.20039
0.161729
0.143917
