1.20495e-05
1.2035e-05
1.20129e-05
1.19841e-05
1.19497e-05
1.19108e-05
1.18685e-05
1.18242e-05
1.1779e-05
1.17337e-05
1.16889e-05
1.16457e-05
1.16052e-05
1.15686e-05
1.15369e-05
1.15108e-05
1.14906e-05
1.14769e-05
1.14697e-05
1.14692e-05
1.1475e-05
1.14867e-05
1.1504e-05
1.15266e-05
1.15539e-05
1.15851e-05
1.16191e-05
1.16551e-05
1.1692e-05
1.1729e-05
1.17653e-05
1.18e-05
1.18324e-05
1.18618e-05
1.18876e-05
1.19093e-05
1.19262e-05
1.19378e-05
1.19438e-05
1.19441e-05
1.19389e-05
1.19286e-05
1.19135e-05
1.1894e-05
1.18706e-05
1.1844e-05
1.18146e-05
1.17829e-05
1.17495e-05
1.17151e-05
1.16804e-05
1.16465e-05
1.1614e-05
1.15835e-05
1.15556e-05
1.15309e-05
1.15097e-05
1.14924e-05
1.14791e-05
1.14701e-05
1.14653e-05
1.14651e-05
1.14693e-05
1.14777e-05
1.14899e-05
1.15057e-05
1.15246e-05
1.15462e-05
1.15701e-05
1.15958e-05
1.16229e-05
1.16507e-05
1.16788e-05
1.17066e-05
1.17335e-05
1.17586e-05
1.17816e-05
1.1802e-05
1.18196e-05
1.1834e-05
1.1845e-05
1.18524e-05
1.18561e-05
1.1856e-05
1.1852e-05
1.18438e-05
1.18315e-05
1.1815e-05
1.17949e-05
1.17717e-05
1.1746e-05
1.1718e-05
1.16881e-05
1.16566e-05
1.16239e-05
1.15907e-05
1.15577e-05
1.15257e-05
1.14955e-05
