0
4.37522e-07
3.39347e-06
1.08667e-05
2.24818e-05
3.51645e-05
4.50119e-05
4.96864e-05
4.95009e-05
4.68032e-05
4.46696e-05
4.59883e-05
5.30557e-05
6.71198e-05
8.76022e-05
0.000111506
0.000133778
0.00014887
0.000152986
0.000146135
0.000133085
0.000122495
0.000123878
0.000143023
0.000177879
0.000217565
0.000246088
0.000249647
0.000223966
0.000177677
0.000129846
0.000102724
0.000112819
0.000163739
0.00024343
0.000327167
0.000386013
0.000398248
0.000359242
0.000284918
0.000206402
0.000157689
0.000161817
0.000221648
0.00031897
0.000421727
0.00049613
0.000519027
0.000486221
0.000413822
0.000332111
0.000274141
0.000263463
0.000305775
0.000387466
0.00048118
0.000555968
0.000588393
0.000570911
0.000514617
0.00044502
0.000391988
0.000377735
0.000408138
0.000471389
0.000544328
0.000602925
0.000631722
0.000628324
0.000602054
0.000568495
0.000542778
0.000534212
0.000543936
0.000566098
0.000591734
0.000613386
0.000628205
0.000638176
0.000647789
0.000660733
0.000677407
0.000694328
0.000705532
0.000705415
0.00069201
0.000669293
0.000647068
0.000637783
0.000651111
0.000688693
0.000741717
0.000792961
0.000822875
0.000817552
0.000775541
0.000710595
0.000648518
0.000618297
0.000640189
0.000715576
0.000823528
0.000926742
0.000985328
0.000973198
0.000890187
0.000764576
0.000644286
0.000579469
0.000602715
0.000714567
0.000880667
0.00104275
0.00114014
0.00113364
0.00102238
0.000846274
0.000672583
0.000571088
0.000587079
0.000722539
0.000933357
0.00114455
0.00127842
0.00128482
0.00116157
0.00095638
0.000749334
0.000622746
0.000629872
0.000774327
0.00100782
0.0012472
0.00140492
0.00142197
0.00129101
0.00106061
0.000818243
0.000657969
0.000644719
0.000788904
0.00104128
0.0013105
0.00149719
0.00153183
0.00140183
0.00115721
0.000892068
0.000709054
0.000680303
0.000820011
0.001079
0.00136327
0.00156951
0.00162435
0.00151237
0.00128211
0.00102733
0.000850563
0.000823173
0.00095794
0.00120482
0.00147126
0.00165867
0.0017006
0.00158806
0.00137258
0.00114587
0.00100388
0.00100885
0.00116431
0.00141299
0.00165928
0.00180745
0.00180075
0.00164528
0.00140858
0.00119278
0.00109283
0.00115689
0.00136578
0.0016405
0.00187475
0.00197866
0.00191518
0.00171438
0.00146059
0.00125869
0.00119304
0.00129495
0.00153046
0.00181289
0.00203595
0.00211532
0.00202284
0.00179938
0.00154021
0.00135757
0.00133502
0.00149209
0.00177449
0.00207479
0.00227584
0.00229936
0.00213923
0.0018652
0.00159491
0.00144573
0.00148648
0.00170885
0.00203019
0.00232644
0.00248209
0.00243735
0.00221351
0.0019057
0.0016451
0.0015455
0.00165599
0.00193979
0.00228832
0.00256513
0.00266154
0.00254154
0.00225761
0.00193078
0.00170244
0.00167647
0.00187508
0.00222701
0.00259415
0.00282711
0.00282742
0.00259062
0.0022116
0.00184867
0.00166015
0.00173836
0.00206859
0.0025307
0.00294456
0.00314212
0.00303718
0.00266404
0.00216825
0.001752
0.00159485
0.00178059
0.00225919
0.0028602
0.00335461
0.00354352
0.00333967
0.00280883
0.00215149
0.00162919
0.00146221
0.00173915
0.00237547
0.00313981
0.00374029
0.00393845
0.00364633
0.00296708
0.00216074
0.00154626
0.00137689
0.0017381
0.00250917
0.00340505
0.0040838
0.00427875
0.00390488
0.00309701
0.00216336
0.0014698
0.00129804
0.00173282
0.00262357
0.00363761
0.00438625
0.00457564
0.00412379
0.00319746
0.00215278
0.00140055
0.00124672
0.00176996
0.00278534
0.00391092
0.00471342
0.00487696
0.0043288
0.00327202
0.002111
0.00129758
0.00115635
0.00175629
0.00287944
0.00410041
0.00494825
0.00508909
0.00445857
0.00329138
0.00203464
0.00117721
0.00106015
0.00174165
0.0029697
0.00427514
0.00515117
0.00525103
0.00452648
0.00325152
0.00191987
0.00105484
0.00100509
0.00180638
0.00316343
0.00456021
0.0054571
0.00550002
0.00466087
0.003254
0.00182009
0.000920007
0.000917334
0.00183361
0.00333389
0.00485037
0.00579856
0.00580397
0.00485158
0.00329842
0.00174107
0.000786853
0.000816592
0.00183228
0.00345123
0.00505104
0.00600997
0.00594952
0.00488435
0.00322068
0.00160233
0.000662686
0.000777842
0.0019171
0.00365044
0.00531208
0.00625765
0.00611552
0.00493381
0.0031654
0.00149581
0.000579583
0.000786349
0.00205459
0.00391053
0.00564681
0.00659372
0.00637933
0.00507729
0.00318363
0.0014295
0.000500457
0.000770005
0.002151
0.00412404
0.00593413
0.00688137
0.00659354
0.0051739
0.00316545
0.00134403
0.000419609
0.000761284
0.00225219
0.00433084
0.0062039
0.00715001
0.00679893
0.00527837
0.00317031
0.00129086
0.00037631
0.000796017
0.00240446
0.00459215
0.00651815
0.00743549
0.00698312
0.00532988
0.0031128
0.00119226
0.000318632
0.000839918
0.00256456
0.00483317
0.0067719
