0
2.16234e-07
2.96628e-06
1.49518e-05
4.54164e-05
9.968e-05
0.000173406
0.000253555
0.00032608
0.000383995
0.000429149
0.00046709
0.000500522
0.000527272
0.000543744
0.000549963
0.000551677
0.000558
0.00057614
0.000605968
0.000637295
0.00065249
0.000635518
0.000584339
0.000519125
0.000478495
0.000502394
0.000609698
0.000783539
0.000973483
0.00111403
0.00115076
0.00106338
0.00087768
0.000661902
0.000506336
0.000489935
0.000645281
0.000938424
0.00127678
0.0015451
0.00165377
0.00157632
0.001359
0.00109989
0.000909079
0.000867312
0.000998311
0.00126313
0.00157701
0.00184163
0.00198031
0.0019633
0.00181465
0.00160076
0.00140643
0.00130682
0.00134256
0.00150519
0.00173885
0.00196094
0.00209613
0.00210883
0.0020176
0.00188328
0.00177756
0.00174955
0.00180769
0.00192338
0.00205096
0.00215159
0.00220968
0.00223578
0.00225629
0.00229569
0.00236055
0.00243384
0.00248345
0.00248051
0.00241743
0.00231601
0.00222137
0.00218504
0.00224418
0.0024044
0.00263228
0.00286147
0.00301311
0.00302604
0.00288542
0.00263671
0.00237595
0.00221715
0.00224825
0.0024924
0.00289079
0.0033159
0.00361401
0.00366384
0.00342928
0.00298317
0.00248858
0.00214118
0.00209411
0.0023949
0.00296017
0.00359932
0.00408042
0.00421615
0.00393897
0.00333608
0.00262694
0.00208671
0.00194181
0.00227769
0.00299709
0.00384885
0.00451954
0.00475429
0.00445999
0.00374835
0.0028985
0.00225091
0.00207364
0.00245536
0.0032691
0.00422101
0.00496334
0.00522613
0.00491761
0.00415782
0.00323524
0.00250267
0.00224865
0.00258941
0.00342112
0.00445229
0.0053079
0.00566891
0.00539562
0.00458654
0.00354754
0.00267975
0.00232679
0.0026407
0.00352004
0.00464678
0.00560823
0.0060559
0.00583855
0.00505817
0.00402904
0.00315697
0.00278491
0.00306281
0.00389059
0.00495694
0.00586021
0.00626527
0.00603467
0.00528168
0.00432439
0.00355951
0.00330624
0.00368123
0.00455291
0.00559302
0.00640591
0.00668596
0.00634086
0.00553072
0.00460564
0.00396546
0.00389776
0.00445932
0.00544987
0.00648995
0.00717335
0.00723325
0.00665405
0.00568109
0.0047228
0.00418489
0.00430582
0.00506102
0.00617345
0.00722358
0.00781401
0.00772469
0.00700059
0.00593842
0.00497546
0.00451986
0.00478686
0.00570644
0.00694332
0.00802571
0.00853366
0.00827137
0.00735194
0.00615773
0.00518978
0.00486588
0.00534932
0.00647926
0.00783256
0.00889246
0.00925593
0.00879566
0.00771261
0.00645832
0.00555736
0.00539841
0.00607576
0.00734561
0.00871857
0.00965499
0.00978544
0.00906496
0.00779545
0.00650541
0.00573605
0.0058212
0.0067499
0.00816698
0.00951281
0.0102484
0.0100775
0.00907524
0.00766696
0.0064611
0.00600044
0.00653304
0.00789887
0.00958258
0.0109158
0.0113501
0.0106897
0.00918665
0.00745307
0.00621953
0.00603629
0.00703968
0.00888268
0.0108615
0.0121902
0.012315
0.0111445
0.00910429
0.0069877
0.00565615
0.00569847
0.00718328
0.00960755
0.0120716
0.0136205
0.0136227
0.0120336
0.0094378
0.00684142
0.00529019
0.00545593
0.00735525
0.0103181
0.0132291
0.0149559
0.014798
0.0127777
0.00965264
0.00663797
0.00494094
0.00528638
0.00761809
0.0110981
0.0144135
0.0162803
0.0159501
0.0135189
0.00990945
0.00652559
0.00471098
0.00522109
0.00791634
0.0117992
0.0153868
0.0172814
0.01672
0.0138879
0.00986578
0.00622326
0.00441129
0.00519089
0.00832351
0.0126478
0.016517
0.0184318
0.0176262
0.0143794
0.00992709
0.00599833
0.0041502
0.00515604
0.00868852
0.0134273
0.0175562
0.0194624
0.0183691
0.0146548
0.0097291
0.00550288
0.00365032
0.0049473
0.00894954
0.0141454
0.0185322
0.0203938
0.0189767
0.0147967
0.00945479
0.00502916
0.00327392
0.00493211
0.00943026
0.0150793
0.0197128
0.0215217
0.019764
0.015071
0.00922498
0.00448682
0.00272619
0.00468866
0.00968562
0.0158367
0.0207816
0.0225933
0.0205369
0.0153739
0.00908434
0.00410977
0.00240849
0.00468904
0.0101214
0.0166418
0.0217394
0.0234269
0.0210199
0.0154201
0.00878199
0.00368674
0.00214056
0.00478817
0.0106505
0.0174918
0.0226767
0.0241881
0.0214142
0.0153984
0.00845111
0.00326738
0.00188705
0.0048979
0.0111936
0.0183848
0.0237107
0.0251032
0.0219946
0.0155546
0.00825691
0.00293535
0.00168819
0.00505537
0.0117929
0.0193386
0.0247945
0.0260463
0.0225882
0.0157314
0.00811274
0.0026885
0.00159467
0.00531229
0.0124627
0.0203208
0.0258576
0.0269142
0.0230505
0.0157355
0.00779436
0.00232162
0.0014783
0.0056421
0.0132458
0.0213729
0.0268841
0.0276373
0.0233271
0.0156127
0.00748413
0.00210828
