5.21402e-09
8.73462e-09
1.07063e-08
1.14831e-08
1.2374e-08
1.40608e-08
1.59652e-08
1.7079e-08
1.71584e-08
1.69242e-08
1.71664e-08
1.78881e-08
1.84629e-08
1.85228e-08
1.8466e-08
1.90005e-08
2.03145e-08
2.18772e-08
2.30829e-08
2.39512e-08
2.5067e-08
2.6876e-08
2.9196e-08
3.1501e-08
3.35858e-08
3.57891e-08
3.85192e-08
4.1682e-08
4.47136e-08
4.71731e-08
4.91834e-08
5.12024e-08
5.34216e-08
5.55166e-08
5.7032e-08
5.79114e-08
5.85338e-08
5.9231e-08
5.98906e-08
6.01291e-08
5.98153e-08
5.93033e-08
5.90939e-08
5.93361e-08
5.97661e-08
6.01436e-08
6.06479e-08
6.17614e-08
6.37925e-08
6.66215e-08
6.99626e-08
7.38032e-08
7.84714e-08
8.4246e-08
9.09835e-08
9.82152e-08
1.05598e-07
1.13179e-07
1.2117e-07
1.29513e-07
1.37776e-07
1.45483e-07
1.52476e-07
1.58864e-07
1.64634e-07
1.69417e-07
1.72699e-07
1.74249e-07
1.74234e-07
1.72923e-07
1.70328e-07
1.66229e-07
1.60547e-07
1.53578e-07
1.45827e-07
1.37614e-07
1.28977e-07
1.19977e-07
1.11051e-07
1.02958e-07
9.63311e-08
9.13498e-08
8.78984e-08
8.6065e-08
8.64198e-08
8.97565e-08
9.65442e-08
1.06627e-07
1.1943e-07
1.34436e-07
1.51507e-07
1.7084e-07
1.92668e-07
2.1692e-07
2.42985e-07
2.69682e-07
2.95547e-07
3.19403e-07
3.40871e-07
