0.00456771
0.00455983
0.0045546
0.00455336
0.00455408
0.0045543
0.0045539
0.00455483
0.00455857
0.00456436
0.00457024
0.00457525
0.00458033
0.00458681
0.00459463
0.00460224
0.0046083
0.00461303
0.00461765
0.00462271
0.00462736
0.00463029
0.00463126
0.00463129
0.00463139
0.00463138
0.00463028
0.00462762
0.00462419
0.00462125
0.00461923
0.00461752
0.00461545
0.00461337
0.00461243
0.00461339
0.00461593
0.00461921
0.004623
0.00462804
0.00463507
0.00464392
0.00465355
0.0046632
0.00467302
0.00468361
0.00469499
0.00470627
0.00471644
0.00472525
0.00473318
0.00474055
0.00474686
0.00475117
0.0047531
0.00475316
0.00475212
0.00475015
0.00474675
0.00474165
0.00473539
0.00472905
0.00472337
0.00471832
0.00471369
0.00470986
0.0047079
0.00470874
0.00471253
0.00471888
0.00472764
0.00473927
0.00475438
0.00477289
0.00479398
0.00481684
0.00484121
0.00486721
0.00489449
0.00492184
0.00494784
0.00497171
0.00499351
0.0050134
0.00503069
0.00504388
0.00505152
0.00505324
0.00504975
0.00504206
0.00503066
0.00501519
0.00499485
0.00496909
0.00493824
0.00490384
0.00486847
0.00483485
0.00480464
