0
0.0071816
0.0202792
0.0370783
0.0549446
0.0713913
0.0845067
0.0931322
0.0968106
0.0956648
0.0904386
0.0828532
0.0761639
0.0749257
0.0820273
0.09553
0.110891
0.124172
0.132866
0.135895
0.133646
0.128078
0.122537
0.120585
0.123732
0.130074
0.135611
0.136589
0.130966
0.119085
0.104282
0.0936147
0.0957001
0.112137
0.135709
0.158277
0.174137
0.179954
0.174641
0.15959
0.139209
0.121625
0.117115
0.129738
0.152673
0.176438
0.194512
0.203463
0.202291
0.192179
0.176522
0.160925
0.152236
0.155165
0.168547
0.186547
0.202906
0.213229
0.215415
0.209671
0.198501
0.186433
0.178847
0.179424
0.187793
0.200131
0.211936
0.220033
0.223068
0.221288
0.216117
0.209667
0.204153
0.201252
0.201618
0.204838
0.209868
0.215604
0.221201
0.22607
0.229754
0.231876
0.232184
0.230665
0.227651
0.223923
0.220741
0.219645
0.221927
0.227866
0.236293
0.244882
0.251002
0.2526
0.248853
0.240592
0.230493
0.222766
0.221758
0.229478
0.243923
0.260129
0.27264
0.27732
0.272209
0.257948
0.238129
0.219434
0.210357
0.216608
0.236118
0.26068
0.281491
0.292184
0.28954
0.27367
0.248378
0.22172
0.20549
0.209533
0.232431
0.262997
0.289673
0.304791
0.304862
0.290332
0.265643
0.239465
0.22371
0.227787
0.250269
0.28046
0.306988
0.321967
0.321423
0.30515
0.276937
0.245218
0.223107
0.223252
0.24641
0.280521
0.311845
0.330891
0.332835
0.317121
0.287497
0.252578
0.226105
0.222387
0.243921
0.278603
0.311883
0.333859
0.339688
0.328984
0.305669
0.278115
0.258337
0.257163
0.275768
0.304684
0.331916
0.34869
0.350708
0.338071
0.315229
0.290854
0.2762
0.279575
0.299679
0.3268
0.349961
0.361432
0.357886
0.340572
0.315412
0.292617
0.283764
0.294615
0.320047
0.348626
0.369852
0.377344
0.369363
0.348777
0.322939
0.302753
0.298735
0.313947
0.341363
0.369544
0.388745
0.39329
0.382087
0.35883
0.332052
0.313812
0.314433
0.334695
0.36509
0.393178
0.409435
0.409105
0.392494
0.365068
0.33721
0.321925
0.327992
0.352789
0.384671
0.411164
0.423682
0.418667
0.397774
0.368024
0.341357
0.331166
0.343931
0.373508
0.406533
0.430784
0.438809
0.428595
0.403642
0.372995
0.350091
0.347465
0.36763
0.400696
0.432287
0.450876
0.450306
0.430309
0.396844
0.362342
0.343563
0.352535
0.385689
0.427232
0.460859
0.475601
0.466812
0.4363
0.392878
0.353004
0.337526
0.357702
0.40333
0.453408
0.490156
0.502761
0.487187
0.446186
0.390352
0.340079
0.322771
0.351949
0.410546
0.471085
0.513444
0.526446
0.506471
0.45724
0.391215
0.332758
0.315778
0.354753
0.424862
0.49351
0.539367
0.551299
0.526106
0.468196
0.391266
0.322921
0.304179
0.351527
0.431902
0.507756
0.556828
0.568172
0.539153
0.47505
0.391014
0.317819
0.301839
0.358156
0.446359
0.526463
0.576161
0.584824
0.550307
0.47864
0.386344
0.307778
0.296041
0.363471
0.460663
0.54567
0.596488
0.602841
0.562904
0.483083
0.380591
0.29279
0.282144
0.360443
0.467113
0.557521
0.609848
0.61419
0.569161
0.48178
0.370378
0.276277
0.271945
0.363285
0.478311
0.572141
0.624042
0.624853
0.573784
0.47845
0.358198
0.258911
0.264832
0.371593
0.49609
0.59448
0.647071
0.645148
0.588183
0.48392
0.351598
0.239129
0.247423
0.367497
0.500885
0.603574
0.656784
0.652437
0.590579
0.479471
0.338851
0.220023
0.238958
0.372066
0.511529
0.615996
0.66795
0.660018
0.592905
0.47564
0.329224
0.210363
0.244364
0.387385
0.530521
0.635384
0.685295
0.673243
0.600172
0.475222
0.319182
0.191286
0.236756
0.39218
0.541243
0.648177
0.697219
0.681832
0.603402
0.47149
0.30719
0.173858
0.235708
0.402061
0.555421
0.663314
0.710966
0.692357
0.609312
0.471886
0.302063
0.168917
0.244981
0.418093
0.574008
0.681714
0.726766
0.703486
0.614198
0.469533
0.292021
0.15613
0.248906
0.429009
0.586375
0.692548
