1.53075e-11
1.21222e-10
4.06157e-10
9.06891e-10
1.59868e-09
2.44058e-09
3.42332e-09
4.57273e-09
5.91379e-09
7.43973e-09
9.11687e-09
1.09122e-08
1.28075e-08
1.47859e-08
1.68127e-08
1.88375e-08
2.08201e-08
2.27494e-08
2.46359e-08
2.64869e-08
2.82931e-08
3.00411e-08
3.17357e-08
3.34052e-08
3.50873e-08
3.68126e-08
3.86068e-08
4.05049e-08
4.25568e-08
4.48132e-08
4.73052e-08
5.00402e-08
5.30168e-08
5.62413e-08
5.97256e-08
6.34704e-08
6.74528e-08
7.16297e-08
7.59508e-08
8.03612e-08
8.47913e-08
8.91477e-08
9.33204e-08
9.72037e-08
1.00712e-07
1.03775e-07
1.06331e-07
1.08316e-07
1.0968e-07
1.10401e-07
1.10485e-07
1.09962e-07
1.08875e-07
1.07296e-07
1.05333e-07
1.03137e-07
1.0089e-07
9.87837e-08
9.7015e-08
9.57921e-08
9.53369e-08
9.58759e-08
9.76217e-08
1.0076e-07
1.05449e-07
1.1182e-07
1.19973e-07
1.29955e-07
1.41747e-07
1.55263e-07
1.70362e-07
1.86857e-07
2.04505e-07
2.23006e-07
2.42001e-07
2.61091e-07
2.79845e-07
2.97816e-07
3.14532e-07
3.29516e-07
3.42305e-07
3.52488e-07
3.59713e-07
3.63697e-07
3.64216e-07
3.61122e-07
3.54362e-07
3.44008e-07
3.3026e-07
3.13433e-07
2.93938e-07
2.72266e-07
2.48994e-07
2.24796e-07
2.00442e-07
1.76785e-07
1.54729e-07
1.35172e-07
1.18955e-07
