0
1.59153e-06
1.32582e-05
4.71849e-05
0.000111956
0.000206167
0.000315955
0.000417789
0.00048569
0.000500326
0.000456606
0.000366796
0.00025768
0.00016239
0.000109624
0.000114079
0.000171631
0.000261065
0.000351778
0.000414606
0.000431823
0.000402625
0.000342163
0.00027463
0.000223308
0.000201644
0.000208933
0.000232176
0.000253014
0.000256603
0.000238592
0.000207304
0.000180215
0.000176183
0.000206619
0.000269356
0.000348013
0.00041746
0.000453401
0.000442255
0.000387279
0.000308348
0.000235339
0.000197534
0.000212948
0.000281488
0.000384493
0.0004909
0.000567949
0.000592594
0.000559496
0.000482676
0.000390235
0.000314095
0.000278532
0.000291697
0.000343234
0.000408864
0.000460189
0.00047597
0.000450496
0.000395791
0.000336847
0.000301838
0.000311137
0.000369301
0.000462895
0.000564828
0.000643567
0.000673968
0.000645948
0.000567986
0.000464232
0.000366265
0.000302449
0.000288644
0.000323483
0.000389731
0.000461044
0.000511612
0.000525228
0.00050059
0.000451057
0.000399105
0.000367659
0.000371576
0.000412351
0.000477852
0.000546951
0.000597231
0.000612935
0.000590389
0.000539082
0.000478147
0.000429595
0.000410736
0.000428448
0.000477159
0.000541074
0.00059972
0.000634852
0.000636455
0.000605921
0.000555461
0.000503978
0.000470814
0.000469397
0.000502849
0.000562892
0.000632295
0.000690036
0.000717556
0.000704245
0.000650586
0.000568012
0.000475566
0.000394371
0.000341619
0.000325954
0.000345684
0.00039033
0.000444962
0.000495757
0.000534795
0.000562269
0.000585281
0.000613683
0.000654701
0.000708575
0.000767076
0.000815571
0.000837944
0.000822584
0.000767278
0.000681228
0.000583328
0.000497062
0.000443521
0.000434764
0.000469751
0.000534363
0.000605705
0.000659422
0.000677643
0.000654821
0.000599405
0.000530673
0.000471859
0.000442086
0.000450046
0.000491663
0.000552438
0.000613365
0.000658102
0.000678675
0.00067767
0.000666235
0.000658782
0.000666608
0.000693025
0.000732024
0.000770996
0.000796328
0.000799497
0.000781046
0.00075075
0.000723786
0.00071442
0.000729703
0.000765847
0.000808927
0.000839939
0.000842387
0.000809446
0.000747672
0.000675522
0.000616918
0.000592201
0.000610015
0.000663517
0.000732724
0.000792305
0.000821811
0.000814121
0.000778501
0.00073689
0.000714826
0.000730704
0.000787688
0.00087157
0.000955517
0.00101003
0.00101441
0.000965403
0.000879395
0.000787146
0.000722556
0.000709694
0.000753156
0.000835796
0.000925092
0.000985966
0.000995078
0.000950789
0.000874498
0.000802445
0.000771008
0.000801342
0.000889675
0.00100745
0.00111158
0.00116102
0.00113329
0.00103427
0.000897254
0.000771203
0.000702374
0.000716459
0.000808334
0.000943791
0.00107287
0.00114966
0.00115073
0.00108464
0.000988568
0.000913079
0.000901023
0.000968879
0.00109835
0.00124203
0.00134157
0.00135129
0.001258
0.00108855
0.00090145
0.00076516
0.000731283
0.000813271
0.000979548
0.00116452
0.00129384
0.00131425
0.00121617
0.00103941
0.000859195
0.000757096
0.000788197
0.00095729
0.00121397
0.00146932
0.00162856
0.00162757
0.00145927
0.00117895
0.000885712
0.000686127
0.000653723
0.000799885
0.00106802
0.001354
0.0015458
0.00156732
0.00140949
0.00113582
0.000859459
0.000699805
0.000735038
0.000969258
0.00132763
0.00168238
0.00190043
0.00189477
0.00165975
0.00127602
0.000882387
0.000624436
0.000599156
0.000816968
0.00119628
0.00159343
0.00185708
0.00188645
0.00167082
0.00129467
0.000906052
0.00065972
0.000656751
0.000904122
0.00131037
0.00171978
0.00197245
0.00196714
0.00170242
0.00127934
0.000864101
0.000624318
0.000663384
0.000978326
0.00145812
0.00192405
0.00219729
0.00216821
0.00184041
0.00133194
0.000832325
0.000531193
0.000545565
0.000873756
0.00139413
0.00190993
0.00222375
0.00221317
0.00187864
0.00134426
0.000810858
0.000478888
0.000470907
0.000783873
0.00129006
0.00178668
0.00207532
0.0020405
0.0016967
0.0011849
0.000719224
0.000503538
0.000650169
0.00113246
0.00179045
0.00238853
0.00270391
0.00261224
0.00213734
0.00144518
0.00078343
0.0003888
0.000397512
0.000793307
0.00141352
0.00201139
0.00235098
0.00229826
0.00187318
0.00124231
0.000654596
0.000344667
0.000440972
0.000914479
0.00158835
0.00220546
0.00252795
0.00243032
0.0019497
0.00127324
0.000666898
0.000372893
0.000515101
0.0010493
0.001778
0.00242482
0.00274041
0.00259927
0.00204983
0.00129795
0.000629384
0.000300542
0.000439297
0.000994414
0.00175362
0.0024241
0.00274493
0.00258825
0.00200974
0.00122847
0.000543325
0.000217989
0.000378828
0.000965339
0.00175261
0.00243756
0.00275607
0.00258595
0.0019958
0.00122027
0.000570483
0.000313676
0.000568232
0.00125521
0.00212581
0.00285499
0.00316589
0.00293687
0.0022498
0.0013602
0.000600221
0.000251586
0.000437415
0.00107499
0.00190792
0.00260559
