0.00456976
0.00457104
0.00457267
0.00457455
0.00457659
0.00457875
0.00458093
0.00458306
0.00458508
0.0045869
0.00458851
0.00458986
0.00459095
0.00459174
0.00459218
0.00459226
0.004592
0.00459144
0.00459063
0.00458964
0.00458851
0.00458728
0.00458601
0.00458475
0.00458352
0.00458236
0.00458126
0.00458022
0.00457923
0.0045783
0.00457743
0.00457663
0.00457586
0.00457509
0.00457429
0.00457342
0.00457246
0.00457138
0.00457016
0.00456877
0.00456721
0.00456549
0.00456365
0.00456171
0.00455972
0.00455771
0.00455573
0.00455384
0.00455211
0.00455063
0.00454946
0.00454869
0.00454838
0.00454859
0.00454935
0.00455072
0.00455268
0.00455523
0.0045583
0.00456185
0.00456581
0.0045701
0.00457461
0.00457924
0.00458384
0.00458827
0.00459238
0.004596
0.004599
0.0046012
0.00460249
0.00460274
0.00460188
0.00459985
0.00459661
0.00459218
0.00458658
0.00457988
0.0045722
0.0045637
0.00455456
0.00454499
0.00453519
0.00452537
0.0045158
0.00450675
0.00449851
0.00449137
0.00448557
0.0044813
0.00447872
0.00447794
0.00447906
0.00448215
0.0044872
0.00449419
0.004503
0.00451346
0.00452536
