0
1.36094e-05
0.000119123
0.00044408
0.00109739
0.00209059
0.00329645
0.00448024
0.00539749
0.00590816
0.00604337
0.00598833
0.00599449
0.00627039
0.00690322
0.00783552
0.00889102
0.00983047
0.0104236
0.0105291
0.0101659
0.00954338
0.00901424
0.00894455
0.00954388
0.0107391
0.0121698
0.0133273
0.0137811
0.0133871
0.0123734
0.0112635
0.0106683
0.0110392
0.0124832
0.0147117
0.0171421
0.0191132
0.0201367
0.0200883
0.0192597
0.018247
0.0177156
0.0181409
0.0196338
0.0219193
0.0244638
0.0266798
0.02812
0.0285949
0.0281983
0.0272626
0.0262707
0.0257398
0.0260838
0.0274728
0.0297363
0.0323641
0.0346396
0.0358844
0.0357316
0.034316
0.0322868
0.030614
0.0302416
0.0317119
0.0349072
0.0390269
0.0428353
0.0451099
0.0451285
0.0429992
0.0396814
0.0366637
0.0354063
0.0367614
0.0406062
0.0458436
0.0507843
0.0537734
0.0538293
0.051053
0.0466434
0.0424945
0.0405051
0.0418447
0.0464583
0.0530187
0.059376
0.0633588
0.0636279
0.0602432
0.054702
0.0494081
0.0467621
0.0482187
0.0536824
0.0614901
0.0690079
0.0736279
0.0737902
0.0696261
0.0629588
0.056636
0.0534406
0.0549972
0.0611111
0.0698087
0.0780764
0.0830154
0.0829687
0.0781829
0.0707481
0.0638298
0.0604732
0.0624278
0.069437
0.0792816
0.0885854
0.0940996
0.0939825
0.0885681
0.0803005
0.0728281
0.0695926
0.0724598
0.080939
0.0923153
0.102665
0.108372
0.107561
0.100877
0.0912932
0.0829908
0.0797287
0.0833419
0.0929684
0.105336
0.11602
0.121188
0.119128
0.110966
0.100253
0.091594
0.088851
0.0936208
0.104582
0.11797
0.129004
0.133733
0.130587
0.121038
0.109091
0.0997789
0.0972267
0.103024
0.115557
0.130571
0.142768
0.147837
0.14413
0.133353
0.11998
0.109599
0.106793
0.113353
0.127506
0.144484
0.158267
0.163875
0.159332
0.146542
0.130672
0.118257
0.114702
0.12214
0.138504
0.158187
0.174097
0.180352
0.174603
0.159081
0.139906
0.124863
0.120429
0.129186
0.148646
0.172025
0.190738
0.197711
0.19022
0.171112
0.147881
0.129886
0.124746
0.135318
0.158437
0.185958
0.207776
0.215694
0.206675
0.184185
0.157048
0.136167
0.130338
0.142756
0.16962
0.201425
0.226506
0.235506
0.225039
0.199132
0.167836
0.143499
0.136081
0.149277
0.17895
0.21453
0.242917
0.253462
0.242134
0.213246
0.177999
0.150326
0.141579
0.156089
0.189343
0.229532
0.261934
0.274513
0.262579
0.230742
0.191335
0.159849
0.149064
0.164095
0.200268
0.244709
0.281115
0.29595
0.283691
0.249101
0.205595
0.170245
0.157312
0.172741
0.211744
0.260441
0.301005
0.318391
0.306135
0.268976
0.221255
0.181614
0.165942
0.18125
0.222826
0.275841
0.32085
0.341167
0.329291
0.289911
0.238302
0.194644
0.176387
0.191558
0.235557
0.292732
0.342175
0.365614
0.354409
0.312983
0.257324
0.209062
0.187313
0.201363
0.246989
0.307872
0.361634
0.388273
0.377819
0.334295
0.274406
0.221376
0.196195
0.20957
0.257662
0.323313
0.382383
0.412868
0.40336
0.357586
0.29323
0.235384
0.207049
0.220279
0.271384
0.342086
0.406306
0.440047
0.430642
0.381787
0.312365
0.249412
0.217854
0.230903
0.284822
0.360133
0.428877
0.465233
0.455456
0.403318
0.328898
0.261099
0.226672
0.239912
0.297001
0.377236
0.450768
0.489962
0.480043
0.424932
0.345963
0.273895
0.237218
0.251202
0.311901
0.397441
0.476201
0.518798
0.509365
0.45177
0.368359
0.291611
0.25182
0.265473
0.328794
0.418969
0.502674
0.548705
0.539925
0.479964
0.392052
0.310364
0.26709
0.280121
0.346042
0.441177
0.530395
0.580402
0.572516
0.510005
0.417107
0.330002
0.283084
0.295763
0.364855
0.46555
0.560679
0.614808
0.607813
0.542747
0.44491
0.352413
0.301735
0.313755
0.385596
0.491483
0.592366
0.650721
0.644912
0.577609
0.474993
0.376979
0.322105
0.332825
0.406806
0.517587
0.624431
0.687702
0.683978
0.615136
0.5079
0.403912
0.344008
0.352629
0.428324
0.544034
0.657157
0.725647
0.724055
0.653396
0.541013
0.430408
0.364817
0.370733
0.447652
0.568004
0.687403
0.761411
