0
5.83253e-07
4.61759e-06
1.52196e-05
3.25881e-05
5.28021e-05
6.95983e-05
7.79358e-05
7.69445e-05
7.04462e-05
6.49796e-05
6.67372e-05
7.90701e-05
0.000101435
0.000129754
0.000157842
0.000179639
0.000191872
0.000196175
0.00019917
0.000209526
0.00023275
0.000266452
0.000299425
0.000316163
0.000305147
0.000266499
0.00021436
0.000172075
0.000162196
0.000196177
0.000268713
0.000359214
0.000439533
0.000484584
0.0004817
0.000435478
0.000366491
0.000304226
0.000276545
0.000299341
0.000370392
0.00047005
0.000568648
0.00063759
0.000659533
0.000633763
0.000575364
0.000509431
0.000463044
0.000457471
0.000502139
0.000591187
0.000703522
0.000807395
0.000869687
0.000867994
0.000801314
0.000694198
0.000591007
0.000540819
0.000578045
0.000706447
0.000893762
0.00108042
0.00120031
0.0012065
0.00109196
0.000896413
0.000694937
0.000571239
0.000584899
0.00074568
0.00100607
0.00127648
0.00145837
0.00148266
0.00133832
0.00107929
0.000806338
0.000630048
0.000628617
0.000816299
0.00113497
0.00147308
0.00170629
0.0017453
0.00157276
0.00125401
0.000915692
0.000698714
0.000703046
0.000946015
0.00135161
0.00177652
0.00206408
0.00210566
0.0018855
0.0014904
0.00107916
0.000822392
0.000835416
0.0011307
0.00160957
0.00209788
0.00241268
0.00243428
0.00215492
0.00168434
0.00120932
0.000922469
0.000947634
0.00129083
0.00183568
0.00238572
0.00273805
0.00276112
0.00244706
0.00191793
0.00138219
0.0010564
0.00108143
0.00146561
0.00207795
0.00269583
0.00308989
0.00311371
0.00276312
0.00218096
0.00160394
0.00127132
0.00133026
0.00177537
0.00244748
0.00309363
0.00346634
0.00342303
0.00298559
0.00233487
0.00174082
0.00145542
0.00161112
0.00216587
0.00291738
0.00358122
0.00390234
0.00375614
0.00319952
0.00245163
0.00181125
0.00154197
0.00176895
0.00242752
0.00328408
0.00402303
0.00436713
0.00418555
0.00354752
0.00269989
0.00197574
0.00166798
0.00191577
0.00264732
0.00360214
0.00442648
0.00480728
0.00459495
0.00386689
0.00290521
0.00209354
0.00176996
0.00209218
0.00296861
0.00408539
0.00502228
0.00541472
0.00509962
0.00418686
0.00302589
0.00207729
0.00173609
0.00217422
0.00326413
0.0046166
0.0057228
0.00614921
0.00571148
0.00455743
0.00312263
0.00197042
0.00157516
0.00213212
0.00347036
0.00510654
0.00642344
0.00690701
0.00635118
0.00494907
0.00323127
0.00187009
0.00142143
0.00210322
0.0036985
0.00562585
0.00715531
0.00768972
0.00700258
0.00533724
0.00332455
0.00174684
0.00123718
0.00203015
0.00386212
0.0060623
0.00780288
0.00841468
0.00764812
0.00577847
0.00351151
0.00172174
0.00111973
0.00197503
0.00400254
0.00645979
0.0084225
0.00913595
0.00830864
0.0062342
0.00369142
0.00165633
0.000932884
0.00184149
0.00408552
0.00685064
0.00910453
0.00998721
0.0091448
0.00687706
0.00403725
0.0017164
0.000828836
0.00175654
0.0041914
0.00724019
0.00975705
0.0107792
0.00989974
0.00743394
0.00431067
0.00172734
0.000696141
0.00165339
0.00428247
0.00762177
0.0104213
0.0116157
0.0107355
0.00809668
0.00469381
0.00183147
0.000630977
0.00159906
0.00442383
0.00807985
0.0112069
0.0126228
0.0117769
0.0089706
0.00525726
0.00205293
0.000602439
0.00150138
0.004458
0.00839019
0.0118264
0.0134619
0.0126601
0.00970611
0.00571095
0.00219913
0.000531872
0.00138464
0.00447955
0.00867829
0.0124051
0.0142427
0.013476
0.0103753
0.00610726
0.00230214
0.000438081
0.00127434
0.00455049
0.00907035
0.0131444
0.0152275
0.014512
0.0112484
0.00666658
0.00252132
0.000428199
0.00124185
0.00471539
0.00957707
0.0140019
0.0163039
0.0155858
0.0120959
0.00715002
0.00264147
0.000322052
0.00112712
0.00480507
0.00999788
0.0147482
0.0172433
0.0165131
0.0128136
0.0075428
0.00271833
0.000210202
0.00102237
0.00489864
0.0104074
0.0154773
0.0181827
0.017482
0.0136244
0.00806902
0.00294091
0.000226346
0.00101228
0.00506014
0.0108809
0.0162896
0.0192325
0.0185751
0.0145481
0.00867598
0.0032095
0.000272645
0.00104779
0.00531105
0.0115001
0.0172951
0.0204969
0.0198708
0.0156315
0.00938083
0.00351186
0.000303007
0.00104333
0.00552585
0.0121079
0.0183231
0.0218156
0.0212441
0.0168063
0.0101802
0.00389838
0.00038823
0.00104301
0.00567798
0.0125843
0.0191664
0.0229254
0.0224162
0.0178129
0.0108594
0.00421872
0.000463503
0.00108938
0.00593116
0.0132089
0.0201925
0.0242365
0.0237928
0.0190134
0.0117093
0.00467581
0.00063455
0.00119319
0.00621986
0.0138753
0.0212976
0.0256839
0.0253611
0.020435
0.0127669
0.00528021
0.000855435
0.00123221
0.00633652
0.0142931
0.0221234
0.0268701
0.0267229
0.0217183
0.0137428
0.00583212
