2.1436e-05
2.13979e-05
2.13403e-05
2.1266e-05
2.11778e-05
2.10785e-05
2.09711e-05
2.08589e-05
2.07454e-05
2.06334e-05
2.05251e-05
2.0422e-05
2.03256e-05
2.0238e-05
2.01616e-05
2.00987e-05
2.00511e-05
2.00196e-05
2.00042e-05
2.00046e-05
2.00205e-05
2.0051e-05
2.0095e-05
2.01509e-05
2.02166e-05
2.02904e-05
2.03705e-05
2.04554e-05
2.05431e-05
2.0631e-05
2.07166e-05
2.07973e-05
2.08709e-05
2.09361e-05
2.09917e-05
2.10369e-05
2.10709e-05
2.10934e-05
2.11041e-05
2.11033e-05
2.10913e-05
2.10682e-05
2.10341e-05
2.09894e-05
2.09349e-05
2.0872e-05
2.08026e-05
2.07287e-05
2.0652e-05
2.0574e-05
2.04965e-05
2.04208e-05
2.03485e-05
2.02806e-05
2.0218e-05
2.01613e-05
2.01112e-05
2.00686e-05
2.00344e-05
2.00093e-05
1.99938e-05
1.99876e-05
1.99903e-05
2.00015e-05
2.00208e-05
2.00477e-05
2.00818e-05
2.01223e-05
2.01684e-05
2.02195e-05
2.02748e-05
2.03332e-05
2.03936e-05
2.04545e-05
2.05145e-05
2.05727e-05
2.06282e-05
2.06802e-05
2.07278e-05
2.07696e-05
2.08047e-05
2.08322e-05
2.08523e-05
2.08651e-05
2.08708e-05
2.08685e-05
2.08571e-05
2.0835e-05
2.08015e-05
2.07571e-05
2.07031e-05
2.0641e-05
2.05725e-05
2.04986e-05
2.042e-05
2.03376e-05
2.02523e-05
2.01656e-05
2.00791e-05
