1.25064e-08
2.25181e-08
2.98452e-08
3.34941e-08
3.52803e-08
3.77972e-08
4.21309e-08
4.71544e-08
5.07714e-08
5.18452e-08
5.11103e-08
5.0398e-08
5.10197e-08
5.28023e-08
5.45645e-08
5.5476e-08
5.59896e-08
5.75035e-08
6.11172e-08
6.66548e-08
7.28432e-08
7.84514e-08
8.33345e-08
8.84575e-08
9.49267e-08
1.0295e-07
1.11661e-07
1.19916e-07
1.27273e-07
1.3425e-07
1.41639e-07
1.49572e-07
1.57207e-07
1.63357e-07
1.67446e-07
1.69944e-07
1.7187e-07
1.73867e-07
1.75677e-07
1.76505e-07
1.75884e-07
1.74251e-07
1.72701e-07
1.72171e-07
1.72842e-07
1.74276e-07
1.76162e-07
1.78921e-07
1.83606e-07
1.91173e-07
2.01788e-07
2.14809e-07
2.29438e-07
2.45441e-07
2.63272e-07
2.83508e-07
3.06137e-07
3.30342e-07
3.54968e-07
3.7922e-07
4.02928e-07
4.26177e-07
4.48656e-07
4.69375e-07
4.86997e-07
5.00497e-07
5.09533e-07
5.14255e-07
5.1479e-07
5.10969e-07
5.0255e-07
4.89683e-07
4.73057e-07
4.53509e-07
4.31427e-07
4.06626e-07
3.78986e-07
3.49443e-07
3.20417e-07
2.95119e-07
2.76035e-07
2.63704e-07
2.5678e-07
2.5348e-07
2.53426e-07
2.58534e-07
2.72254e-07
2.97689e-07
3.35883e-07
3.85401e-07
4.43343e-07
5.06919e-07
5.74462e-07
6.45315e-07
7.18932e-07
7.94047e-07
8.68555e-07
9.40097e-07
1.00678e-06
