0
1.62493e-07
2.28671e-06
1.19342e-05
3.78302e-05
8.71251e-05
0.000159273
0.000243546
0.000323127
0.000383733
0.000421045
0.000441961
0.000459293
0.000484073
0.000520465
0.000565234
0.000609976
0.000643372
0.000653018
0.000628937
0.000570233
0.000492378
0.000428799
0.00042134
0.000500673
0.000665935
0.000876337
0.00106263
0.00115547
0.0011174
0.000962566
0.000753937
0.000579323
0.000516947
0.000605124
0.000827665
0.00111979
0.00139183
0.00156214
0.00158726
0.00147813
0.00129553
0.00112618
0.00104932
0.00110772
0.00129496
0.00156218
0.00183855
0.00205509
0.00216302
0.00214367
0.00201166
0.00181325
0.00161912
0.00150874
0.00154592
0.00175173
0.00208667
0.00245409
0.00272909
0.00280541
0.00264221
0.00229009
0.00188251
0.00159193
0.00156479
0.00185963
0.0024138
0.00305566
0.00356234
0.00374439
0.00352503
0.00298056
0.00232156
0.001818
0.00169535
0.00204231
0.00276808
0.00362849
0.00431344
0.00456414
0.00427639
0.00354947
0.00265916
0.00196086
0.00175574
0.00216974
0.00309408
0.00421503
0.0051269
0.00548759
0.0051566
0.00425878
0.00314542
0.00226411
0.00198626
0.00245908
0.00354091
0.00484788
0.00589678
0.00629144
0.00588066
0.00482482
0.00354179
0.00254972
0.00226605
0.00284131
0.00409407
0.00557481
0.00673554
0.00714063
0.00663779
0.005423
0.00397289
0.00286798
0.00257143
0.00324671
0.00468511
0.0063754
0.00769384
0.00814503
0.00756054
0.00617474
0.00454335
0.00333205
0.00305593
0.00387237
0.00551089
0.007371
0.00875249
0.00913017
0.00836557
0.0067703
0.00499252
0.00376665
0.00362249
0.00466916
0.00654248
0.00854116
0.00990089
0.0100986
0.00906474
0.00721809
0.00530668
0.00411726
0.00416604
0.00549198
0.00763349
0.00979968
0.0111725
0.0112249
0.00993288
0.00779546
0.00565231
0.00436381
0.00447644
0.00600368
0.00841044
0.0108103
0.0123025
0.0123194
0.0108526
0.00846759
0.00609902
0.00470043
0.00487724
0.00664297
0.0093952
0.0121283
0.0138097
0.0137808
0.0120266
0.0092044
0.00641094
0.00476974
0.0049939
0.00709414
0.0103501
0.0135647
0.015512
0.0154132
0.0132571
0.00983539
0.00646704
0.00450398
0.00480237
0.007365
0.0113045
0.0151565
0.0174345
0.0172141
0.0145184
0.0103414
0.00629158
0.00398176
0.00439906
0.00749986
0.0121942
0.0167375
0.0193889
0.0190897
0.0158977
0.0109999
0.00628505
0.00362849
0.0041601
0.00780271
0.013269
0.0185297
0.021582
0.0212248
0.0175413
0.0118968
0.00644286
0.00330864
0.00378285
0.00779818
0.0139235
0.0198801
0.0233969
0.0230872
0.0190058
0.0126656
0.00648902
0.00289538
0.00336725
0.00785769
0.0147746
0.0215593
0.0256485
0.0254572
0.0210061
0.0139473
0.00696657
0.00277609
0.00307629
0.00788201
0.0154808
0.0230535
0.027734
0.0277085
0.022933
0.0151843
0.00741324
0.00263499
0.00277618
0.00791793
0.0162313
0.0246412
0.0299781
0.0301866
0.025132
0.0166878
0.00805773
0.00257562
0.00243211
0.00781557
0.0168046
0.0260673
0.0321131
0.0326256
0.0273666
0.0182992
0.00887078
0.00271921
0.00228729
0.00787334
0.0174855
0.027567
0.0343284
0.0351885
0.0297764
0.0201059
0.00984393
0.00293727
0.0021126
0.00781846
0.0180196
0.0289347
0.0364504
0.0376849
0.0321067
0.0217757
0.0106005
0.00287734
0.00165598
0.007554
0.0184798
0.030387
0.0387895
0.0404704
0.0347338
0.0237116
0.0115921
0.00304763
0.00145167
0.00756467
0.0192018
0.0320261
0.0411802
0.0431444
0.0371087
0.0253243
0.0122834
0.00302465
0.00120486
0.00767411
0.02011
0.0338659
0.0437231
0.0458873
0.0394657
0.0268495
0.0128417
0.00284539
0.000796717
0.00763266
0.020891
0.0356119
0.0462116
0.0486198
0.0418607
0.0284639
0.0135343
0.00282315
0.00053154
0.00768453
0.0217043
0.0373575
0.048729
0.0514771
0.0445121
0.0304493
0.0146496
0.00319851
0.000585648
0.00796907
0.0226959
0.0392757
0.0514494
0.0545734
0.0474116
0.0326452
0.0158916
0.0035933
0.000565813
0.00813885
0.0236052
0.0412057
0.0542938
0.0578682
0.050509
0.0349658
0.0171555
0.0039335
0.000477769
0.00828659
0.0245636
0.0432417
0.05727
0.0613012
0.0537558
0.0374661
0.0186411
0.00452759
0.000649924
0.00867825
0.0257482
0.0455082
0.0605117
0.065053
0.0573651
0.0403326
0.0204351
0.00530765
0.000839596
0.00891265
0.0266461
0.0474492
0.0634965
0.0686975
0.0610356
0.043379
0.0224372
0.00624222
0.0010968
0.00915147
0.0275409
0.0494272
0.0665698
0.0724568
0.0648056
0.0464747
0.0244228
0.00709593
0.00122194
0.00922945
0.0282794
0.0512951
0.0696178
