0
0.00689681
0.0195733
0.0360178
0.0537171
0.0701292
0.0831297
0.0913436
0.0943143
0.0925263
0.0873545
0.0810201
0.0764894
0.0768412
0.0834438
0.09457
0.106993
0.118056
0.126347
0.131696
0.13484
0.136736
0.137768
0.137368
0.134346
0.127722
0.117642
0.106185
0.0977175
0.0974285
0.106969
0.122608
0.138967
0.151947
0.159194
0.159924
0.154819
0.146066
0.137332
0.133054
0.136314
0.146637
0.160565
0.174051
0.184039
0.188902
0.188392
0.183492
0.176284
0.169762
0.167261
0.171146
0.181371
0.19528
0.208845
0.218151
0.220431
0.214757
0.202615
0.18835
0.178859
0.180749
0.195231
0.216875
0.237838
0.251545
0.253941
0.243855
0.223417
0.198826
0.180806
0.180891
0.201119
0.231666
0.26044
0.278752
0.281881
0.268838
0.242578
0.210931
0.187654
0.188025
0.213987
0.251828
0.286593
0.308345
0.311862
0.296066
0.264226
0.225139
0.195043
0.193492
0.223495
0.267565
0.307775
0.333056
0.337996
0.321833
0.288522
0.247847
0.217004
0.215601
0.246142
0.290867
0.331239
0.355583
0.358213
0.338483
0.30089
0.256357
0.224046
0.225153
0.26053
0.309761
0.353193
0.378813
0.380836
0.358693
0.317262
0.268429
0.233421
0.235844
0.275787
0.329988
0.377172
0.404822
0.407296
0.384696
0.343074
0.295815
0.264645
0.270272
0.31023
0.362335
0.406168
0.429393
0.426666
0.398838
0.353341
0.305664
0.27926
0.292397
0.337399
0.390558
0.4322
0.450885
0.442115
0.407681
0.356279
0.305468
0.281399
0.301923
0.354717
0.413391
0.458005
0.477429
0.4676
0.430914
0.376945
0.324422
0.30046
0.32262
0.37758
0.438145
0.483698
0.502578
0.490384
0.449447
0.389784
0.331741
0.305997
0.332532
0.394929
0.46214
0.511662
0.530993
0.515437
0.46751
0.39812
0.330299
0.301196
0.335227
0.40954
0.486755
0.542134
0.562406
0.542626
0.485518
0.402966
0.321375
0.287772
0.333287
0.423525
0.512819
0.574775
0.596048
0.571993
0.505848
0.410313
0.314252
0.274499
0.330639
0.435639
0.536079
0.604308
0.626788
0.598918
0.524144
0.41551
0.303411
0.255488
0.323521
0.44424
0.556431
0.631988
0.657492
0.62841
0.548249
0.430062
0.304583
0.246743
0.322258
0.455651
0.578212
0.660554
0.68871
0.657804
0.571099
0.441169
0.297639
0.223283
0.3089
0.458612
0.593952
0.685234
0.718397
0.68838
0.598309
0.460573
0.304069
0.214959
0.305676
0.467566
0.613219
0.71184
0.748845
0.718812
0.624608
0.478138
0.3065
0.197125
0.294523
0.471183
0.62882
0.736338
0.778832
0.750541
0.654109
0.501222
0.317838
0.189414
0.287932
0.476168
0.644082
0.759598
0.80733
0.78117
0.683578
0.526115
0.334038
0.189415
0.284271
0.481465
0.658517
0.78155
0.834311
0.810057
0.710792
0.547598
0.344223
0.17773
0.273442
0.484257
0.67271
0.8046
0.863146
0.841038
0.7398
0.569939
0.353128
0.15661
0.254907
0.483329
0.684693
0.826198
0.891049
0.871741
0.769833
0.596244
0.373639
0.170497
0.262646
0.496803
0.704983
0.851591
0.918788
0.898552
0.792213
0.610462
0.374555
0.14431
0.250419
0.502759
0.721709
0.87516
0.945645
0.925086
0.814754
0.625143
0.375832
0.109706
0.234922
0.507206
0.73746
0.898545
0.97362
0.954751
0.84342
0.6506
0.397049
0.13152
0.242206
0.518376
0.755026
0.921671
1.00041
0.982737
0.869871
0.672769
0.412189
0.133901
0.239995
0.52624
0.771572
0.945178
1.02858
1.0128
0.898778
0.697415
0.429453
0.13753
0.237107
0.534533
0.789448
0.970663
1.0591
1.04539
0.930435
0.725512
0.452488
0.159157
0.244564
0.546305
0.808372
0.995771
1.0883
1.07599
0.95947
0.749968
0.469269
0.161695
0.239498
0.552912
0.824691
1.02004
1.11837
1.1094
0.993696
0.782849
0.500088
0.19769
0.251712
0.563449
0.841608
1.04386
1.14779
1.14226
1.02745
0.815093
0.529492
0.227256
0.261779
0.572963
0.857621
1.06659
1.17575
1.17306
1.05818
0.842537
0.549958
