0.00607752
0.00606213
0.00604916
0.00604314
0.00604351
0.00604639
0.00604849
0.00604976
0.00605299
0.00606084
0.00607343
0.00608819
0.0061022
0.00611453
0.00612657
0.00614026
0.00615585
0.00617143
0.0061844
0.00619352
0.00619972
0.00620491
0.00621005
0.00621429
0.00621579
0.00621357
0.00620847
0.00620254
0.00619741
0.00619313
0.0061886
0.00618302
0.00617709
0.00617278
0.00617186
0.00617469
0.0061802
0.0061872
0.0061956
0.00620656
0.00622136
0.00624011
0.00626149
0.0062837
0.00630584
0.00632822
0.00635158
0.00637584
0.00639957
0.00642083
0.00643835
0.00645222
0.00646333
0.00647218
0.00647821
0.00648021
0.00647742
0.00647037
0.00646057
0.00644951
0.00643777
0.00642516
0.00641157
0.00639791
0.00638602
0.0063779
0.00637478
0.00637698
0.00638452
0.00639783
0.00641768
0.00644457
0.0064781
0.00651725
0.00656118
0.00660999
0.00666426
0.00672371
0.006786
0.00684699
0.00690251
0.00695049
0.00699184
0.00702917
0.00706423
0.00709583
0.00711978
0.00713098
0.00712613
0.00710526
0.0070712
0.00702767
0.00697731
0.00692103
0.00685884
0.0067913
0.00672033
0.00664891
0.00658007
