0
1.48542e-06
1.23754e-05
4.40406e-05
0.000104459
0.000192205
0.00029416
0.000388223
0.000450226
0.000462498
0.000420823
0.000337075
0.000236329
0.00014923
0.000102154
0.000108612
0.000164953
0.00025196
0.000341695
0.000407047
0.000430441
0.000408703
0.000352636
0.000281967
0.000217892
0.000176066
0.000162363
0.000172527
0.000195374
0.000218059
0.000231323
0.000232794
0.000227177
0.000223419
0.000230086
0.000250973
0.000282866
0.000316469
0.000340167
0.000345054
0.000329104
0.000298699
0.000266792
0.000248287
0.000254373
0.000287959
0.000342065
0.000401944
0.000450304
0.000473705
0.000467591
0.000437863
0.000398236
0.000364453
0.000347806
0.000350797
0.000366814
0.000383917
0.000390967
0.000383287
0.000365255
0.000348622
0.00034722
0.000370368
0.000417899
0.000479107
0.000536293
0.00057161
0.000574382
0.000545755
0.000498532
0.000452086
0.000424369
0.000424405
0.000448507
0.000481961
0.00050558
0.000504402
0.000474854
0.000427212
0.000382097
0.000362199
0.000382497
0.000443016
0.000527362
0.000608038
0.000656769
0.000655884
0.000606092
0.000527274
0.000451578
0.000411287
0.000426122
0.000495074
0.000596145
0.000694365
0.000755101
0.000757578
0.000703276
0.000615781
0.000531963
0.000487745
0.000503994
0.000578116
0.00068483
0.000785958
0.000845476
0.000843852
0.00078591
0.000698939
0.000621654
0.000588268
0.000614019
0.000688054
0.00077682
0.000837039
0.000833441
0.000754335
0.000618591
0.000470752
0.000365581
0.000347652
0.000433844
0.000605721
0.000815138
0.00100122
0.00111237
0.00112485
0.0010508
0.000932468
0.000824998
0.000774532
0.000800201
0.000887215
0.00099378
0.00106907
0.00107493
0.0010025
0.000876673
0.000746526
0.000665408
0.000668753
0.000758748
0.000902282
0.00104329
0.00112479
0.00111192
0.00100685
0.000849263
0.000702032
0.00062717
0.000661404
0.000800929
0.0010016
0.00119491
0.00131388
0.00131892
0.00121365
0.0010441
0.00088156
0.000795225
0.00082519
0.00096627
0.00116909
0.00135845
0.00146223
0.00143993
0.00129961
0.00109631
0.000911705
0.000822578
0.000869883
0.00104096
0.0012724
0.00147332
0.00156069
0.00149295
0.00128872
0.00102234
0.000797124
0.000705829
0.000793538
0.00103761
0.00135351
0.00162543
0.00175063
0.00168069
0.00144282
0.00113211
0.000876268
0.000785871
0.000909417
0.00121126
0.00158218
0.00187966
0.00198293
0.00184177
0.00149933
0.00107928
0.000740807
0.000618049
0.000767005
0.00114105
0.0016056
0.00198762
0.00214167
0.00200721
0.00163445
0.00116773
0.000791656
0.000660185
0.000835698
0.00126217
0.00178367
0.0022022
0.00235351
0.00217204
0.00171952
0.00116511
0.000723402
0.000572793
0.000785482
0.00129633
0.0019239
0.00243691
0.00264181
0.00245799
0.00195148
0.00131299
0.000787582
0.000581752
0.000783273
0.00132478
0.00200613
0.00256838
0.00279212
0.002583
0.00201127
0.00128891
0.000691618
0.000454468
0.000680679
0.001299
0.00208719
0.0027539
0.00304884
0.00285932
0.00225604
0.00146937
0.000804006
0.000523379
0.000747583
0.0014042
0.00225203
0.00297018
0.00327962
0.00305146
0.00235979
0.00145797
0.00068579
0.000341621
0.000568081
0.00129495
0.00226224
0.0031159
0.00354075
0.00338067
0.00269983
0.00176088
0.000927151
0.000525107
0.000718897
0.00144529
0.00243469
0.00331165
0.00373749
0.00354123
0.00278841
0.00176028
0.000849945
0.000413567
0.000632967
0.00144234
0.00254837
0.00353783
0.00403318
0.00383751
0.00301335
0.00186384
0.000821733
0.000287048
0.000474355
0.0013283
0.00254068
0.00366425
0.0042811
0.00416221
0.00335687
0.00217681
0.00107961
0.000494719
0.000658192
0.00151965
0.00275839
0.00390377
0.00451501
0.00435182
0.00346996
0.00220385
0.00104131
0.000437204
0.000637006
0.00157846
0.00291043
0.00412359
0.00474428
0.00451793
0.00351128
0.00209283
0.000797082
0.000123046
0.000343312
0.00139697
0.00290842
0.00432634
0.00513115
0.0050323
0.00408019
0.00264908
0.00129622
0.000550075
0.000707608
0.00171845
0.00320109
0.00458633
0.00533439
0.00514337
0.00406882
0.00250771
0.00105109
0.000260416
0.000452099
0.00157305
0.0032158
0.00476925
0.00564925
0.00552177
0.00443345
0.00279845
0.00124458
0.000375972
0.000541717
0.00169932
0.00342632
0.00507746
0.00602902
0.00591775
0.0047827
0.00305466
0.00139546
0.000447065
0.000585516
0.00177396
0.00357219
0.00530073
0.00629856
0.00617675
0.00497086
0.00313262
0.00136206
0.000342581
0.000479306
0.0017408
0.00366596
0.00553512
0.00664184
0.00656258
0.00532141
0.00338575
0.00149325
0.000373775
0.000471671
0.00177383
0.00381028
0.00582878
0.00707843
0.00709543
0.00588168
0.00390741
0.00193495
0.000729545
0.000766549
0.00204694
0.00409258
0.00612482
0.00735988
0.00730955
0.00597203
0.00383909
0.00171453
