3.47467e-11
2.84842e-10
9.97243e-10
2.34007e-09
4.32808e-09
6.86193e-09
9.83579e-09
1.32226e-08
1.70753e-08
2.1456e-08
2.63617e-08
3.17064e-08
3.73651e-08
4.32321e-08
4.92411e-08
5.53374e-08
6.14387e-08
6.74303e-08
7.32048e-08
7.87148e-08
8.39901e-08
8.91068e-08
9.41342e-08
9.91069e-08
1.04043e-07
1.08988e-07
1.14047e-07
1.19371e-07
1.25114e-07
1.31402e-07
1.38327e-07
1.45973e-07
1.54429e-07
1.63775e-07
1.74039e-07
1.85168e-07
1.9703e-07
2.09451e-07
2.22256e-07
2.35281e-07
2.48348e-07
2.61237e-07
2.73681e-07
2.85388e-07
2.96081e-07
3.05515e-07
3.13471e-07
3.19742e-07
3.24144e-07
3.26542e-07
3.26902e-07
3.25311e-07
3.2197e-07
3.17159e-07
3.11218e-07
3.0454e-07
2.97601e-07
2.90963e-07
2.8526e-07
2.8116e-07
2.79326e-07
2.80398e-07
2.8499e-07
2.93689e-07
3.07027e-07
3.25433e-07
3.49191e-07
3.78407e-07
4.13017e-07
4.52791e-07
4.97337e-07
5.46091e-07
5.98313e-07
6.53104e-07
7.0943e-07
7.66143e-07
8.21985e-07
8.75578e-07
9.25441e-07
9.70057e-07
1.00799e-06
1.038e-06
1.05912e-06
1.07063e-06
1.07197e-06
1.06273e-06
1.04266e-06
1.01177e-06
9.70455e-07
9.19582e-07
8.60487e-07
7.94882e-07
7.2475e-07
6.52257e-07
5.79713e-07
5.09547e-07
4.44277e-07
3.86438e-07
3.38498e-07
